-403.3848 115.6700
-411.5197 96.9481
-423.9932 80.9511
-437.4335 66.4577
-448.4572 50.9191
-461.6409 37.9533
-473.4484 24.3897
-482.4135 9.4017
-487.2182 -6.8953
-490.9177 -23.1805
-498.0765 -37.9698
-503.9612 -52.8523
-512.9940 -65.6045
-523.7004 -76.5451
-532.9473 -88.1976
-539.1816 -101.3014
-542.2423 -115.1982
-545.0784 -128.7736
-545.6488 -142.4134
-546.2172 -155.9655
-547.4491 -169.2920
-546.5079 -182.4287
-545.5740 -195.4657
-544.6406 -208.4958
-543.6991 -221.6379
-542.7596 -234.7526
-541.8448 -247.5227
-540.3583 -259.9796
-538.8983 -272.2137
-537.3967 -284.1954
-533.0486 -295.1757
-526.2338 -304.5453
-519.1285 -313.5113
-510.4362 -320.8052
