-400.4979 117.3635
-408.8463 98.6404
-421.6941 82.4829
-437.9447 70.2145
-455.8306 61.5260
-474.7817 57.3013
-493.8971 57.7499
-512.1181 62.8594
-528.0063 71.8205
-540.7565 84.0195
-550.0431 98.6854
-555.3361 115.0698
-557.0548 132.2898
-554.7378 149.3806
-549.7144 165.7070
-544.4410 181.7946
-538.9706 197.5419
-533.5510 213.0622
-528.2166 228.1274
-520.4844 241.8542
-512.2100 255.3142
-503.9554 268.6654
-495.3801 281.3641
-486.8859 293.8215
-478.5493 306.2366
-470.0745 318.6448
-461.1229 330.6285
-452.7390 342.7303
-444.9818 355.1516
-437.2819 367.4208
-430.9311 380.1258
-424.8362 392.4788
-418.6567 404.3542
-412.2336 415.6897
-405.9320 426.6986
-399.6957 437.3640
-393.6369 447.7583
-387.7533 457.9028
-381.9927 467.8536
