228.6482 359.4057
240.4352 375.5886
251.2468 391.4753
259.2791 408.2107
264.5882 425.3934
266.8743 442.6074
267.4290 459.4389
266.9633 475.7941
262.9862 491.1958
257.9126 505.8264
252.5080 519.8986
246.2147 533.2979
239.2670 546.0130
232.2534 558.2160
225.2736 570.1012
217.4474 581.1504
209.2507 591.5399
200.7970 601.4568
192.6292 611.3541
183.2204 620.0577
173.0432 627.8568
161.7053 633.1675
149.8385 636.0105
138.2836 639.1997
126.9127 642.6178
115.6419 645.9804
104.3279 648.7399
93.3763 652.0472
