36.5473 49.7608
44.7541 68.4474
48.8354 88.4981
47.7935 108.6927
46.2667 128.1324
47.8639 146.9176
48.3326 165.3298
49.0310 183.2031
45.3875 200.0251
42.4685 216.5277
37.3716 232.4508
36.4014 249.3250
35.8908 266.0095
35.3983 282.5681
35.0799 299.3149
34.7610 316.0857
34.4462 332.6416
34.1419 348.6381
33.8404 364.4963
33.5390 380.3448
34.3963 396.2326
35.2604 412.2474
35.4194 428.3509
35.4713 444.4036
35.5219 460.0734
35.5897 475.4183
35.5036 490.2808
33.5307 504.5344
35.1685 518.7362
34.5586 533.2213
34.8676 547.5511
38.6257 560.9262
41.4795 574.1319
44.6143 586.9052
44.4648 599.6861
47.1108 611.8478
52.4621 622.7575
55.2492 634.2836
60.6227 644.5155
