124.9508 225.5415
135.8104 242.4691
144.1281 260.0805
148.6162 278.6804
148.3177 297.8227
147.7557 316.9421
147.1902 335.6982
146.6396 353.9385
146.0952 371.9713
145.5526 389.9454
145.0160 407.7189
145.2709 425.4131
145.5221 442.8480
145.7660 459.7753
146.0065 476.4680
146.2421 492.8189
146.4736 508.8873
146.7052 524.9593
146.9384 541.1493
147.1746 557.5426
147.4125 574.0538
145.7589 590.2742
144.1605 605.9524
142.6019 621.2399
140.7433 636.1337
138.9443 650.5487
137.2014 664.5151
132.1824 677.2092
124.3876 687.9254
114.4542 696.1165
103.1118 701.4175
91.0067 703.6809
78.7496 703.3601
66.8137 701.5002
56.0074 696.8427
45.6472 691.9189
