0.00 0.00 10.00
0.00 0.31 10.00
0.00 0.62 10.00
0.00 0.94 10.00
0.00 1.25 10.00
0.00 1.56 10.00
0.00 1.88 10.00
0.00 2.19 10.00
0.00 2.50 10.00
0.00 2.81 10.00
0.00 3.12 10.00
0.00 3.44 10.00
0.00 3.75 10.00
0.00 4.06 10.00
0.00 4.38 10.00
0.00 4.69 10.00
0.00 5.00 10.00
0.00 5.31 10.00
0.00 5.62 10.00
0.00 5.94 10.00
0.00 6.25 10.00
0.00 6.56 10.00
0.00 6.88 10.00
0.00 7.19 10.00
0.00 7.50 10.00
0.00 7.81 10.00
0.00 8.12 10.00
0.00 8.44 10.00
0.00 8.75 10.00
0.00 9.06 10.00
0.00 9.38 10.00
0.00 9.69 10.00
0.00 10.00 10.00
0.00 10.31 10.00
0.00 10.62 10.00
0.00 10.94 10.00
0.00 11.25 10.00
0.00 11.56 10.00
0.00 11.88 10.00
0.00 12.19 10.00
0.00 12.50 10.00
0.00 12.81 10.00
0.00 13.12 10.00
0.00 13.44 10.00
0.00 13.75 10.00
0.00 14.06 10.00
0.00 14.38 10.00
0.00 14.69 10.00
0.00 15.00 10.00
0.00 15.31 10.00
0.00 15.62 10.00
0.00 15.94 10.00
0.00 16.25 10.00
0.00 16.56 10.00
0.00 16.88 10.00
0.00 17.19 10.00
0.00 17.50 10.00
0.00 17.81 10.00
0.00 18.12 10.00
0.00 18.44 10.00
0.00 18.75 10.00
0.00 19.06 10.00
0.00 19.38 10.00
0.00 19.69 10.00
0.00 20.00 10.00
0.27 19.84 10.00
0.54 19.69 10.00
0.81 19.53 10.00
1.08 19.38 10.00
1.35 19.22 10.00
1.62 19.06 10.00
1.89 18.91 10.00
2.17 18.75 10.00
2.44 18.59 10.00
2.71 18.44 10.00
2.98 18.28 10.00
3.25 18.12 10.00
3.52 17.97 10.00
3.79 17.81 10.00
4.06 17.66 10.00
4.33 17.50 10.00
4.60 17.34 10.00
4.87 17.19 10.00
5.14 17.03 10.00
5.41 16.88 10.00
5.68 16.72 10.00
5.95 16.56 10.00
6.22 16.41 10.00
6.50 16.25 10.00
6.77 16.09 10.00
7.04 15.94 10.00
7.31 15.78 10.00
7.58 15.62 10.00
7.85 15.47 10.00
8.12 15.31 10.00
8.39 15.16 10.00
8.66 15.00 10.00
8.93 14.84 10.00
9.20 14.69 10.00
9.47 14.53 10.00
9.74 14.38 10.00
10.01 14.22 10.00
10.28 14.06 10.00
10.55 13.91 10.00
10.83 13.75 10.00
11.10 13.59 10.00
11.37 13.44 10.00
11.64 13.28 10.00
11.91 13.12 10.00
12.18 12.97 10.00
12.45 12.81 10.00
12.72 12.66 10.00
12.99 12.50 10.00
13.26 12.34 10.00
13.53 12.19 10.00
13.80 12.03 10.00
14.07 11.88 10.00
14.34 11.72 10.00
14.61 11.56 10.00
14.88 11.41 10.00
15.16 11.25 10.00
15.43 11.09 10.00
15.70 10.94 10.00
15.97 10.78 10.00
16.24 10.62 10.00
16.51 10.47 10.00
16.78 10.31 10.00
17.05 10.16 10.00
17.32 10.00 10.00
17.05 9.84 10.00
16.78 9.69 10.00
16.51 9.53 10.00
16.24 9.38 10.00
15.97 9.22 10.00
15.70 9.06 10.00
15.43 8.91 10.00
15.16 8.75 10.00
14.88 8.59 10.00
14.61 8.44 10.00
14.34 8.28 10.00
14.07 8.12 10.00
13.80 7.97 10.00
13.53 7.81 10.00
13.26 7.66 10.00
12.99 7.50 10.00
12.72 7.34 10.00
12.45 7.19 10.00
12.18 7.03 10.00
11.91 6.88 10.00
11.64 6.72 10.00
11.37 6.56 10.00
11.10 6.41 10.00
10.83 6.25 10.00
10.55 6.09 10.00
10.28 5.94 10.00
10.01 5.78 10.00
9.74 5.62 10.00
9.47 5.47 10.00
9.20 5.31 10.00
8.93 5.16 10.00
8.66 5.00 10.00
8.39 4.84 10.00
8.12 4.69 10.00
7.85 4.53 10.00
7.58 4.38 10.00
7.31 4.22 10.00
7.04 4.06 10.00
6.77 3.91 10.00
6.50 3.75 10.00
6.22 3.59 10.00
5.95 3.44 10.00
5.68 3.28 10.00
5.41 3.12 10.00
5.14 2.97 10.00
4.87 2.81 10.00
4.60 2.66 10.00
4.33 2.50 10.00
4.06 2.34 10.00
3.79 2.19 10.00
3.52 2.03 10.00
3.25 1.88 10.00
2.98 1.72 10.00
2.71 1.56 10.00
2.44 1.41 10.00
2.17 1.25 10.00
1.89 1.09 10.00
1.62 0.94 10.00
1.35 0.78 10.00
1.08 0.62 10.00
0.81 0.47 10.00
0.54 0.31 10.00
0.27 0.16 10.00
0.00 0.00 10.00
