0.00 0.00 10.00
0.00 0.62 10.00
0.00 1.25 10.00
0.00 1.88 10.00
0.00 2.50 10.00
0.00 3.12 10.00
0.00 3.75 10.00
0.00 4.38 10.00
0.00 5.00 10.00
0.00 5.62 10.00
0.00 6.25 10.00
0.00 6.88 10.00
0.00 7.50 10.00
0.00 8.12 10.00
0.00 8.75 10.00
0.00 9.38 10.00
0.00 10.00 10.00
0.00 10.62 10.00
0.00 11.25 10.00
0.00 11.88 10.00
0.00 12.50 10.00
0.00 13.12 10.00
0.00 13.75 10.00
0.00 14.38 10.00
0.00 15.00 10.00
0.00 15.62 10.00
0.00 16.25 10.00
0.00 16.88 10.00
0.00 17.50 10.00
0.00 18.12 10.00
0.00 18.75 10.00
0.00 19.38 10.00
0.00 20.00 10.00
0.54 19.69 10.00
1.08 19.38 10.00
1.62 19.06 10.00
2.17 18.75 10.00
2.71 18.44 10.00
3.25 18.12 10.00
3.79 17.81 10.00
4.33 17.50 10.00
4.87 17.19 10.00
5.41 16.88 10.00
5.95 16.56 10.00
6.50 16.25 10.00
7.04 15.94 10.00
7.58 15.62 10.00
8.12 15.31 10.00
8.66 15.00 10.00
9.20 14.69 10.00
9.74 14.38 10.00
10.28 14.06 10.00
10.83 13.75 10.00
11.37 13.44 10.00
11.91 13.12 10.00
12.45 12.81 10.00
12.99 12.50 10.00
13.53 12.19 10.00
14.07 11.88 10.00
14.61 11.56 10.00
15.16 11.25 10.00
15.70 10.94 10.00
16.24 10.62 10.00
16.78 10.31 10.00
17.32 10.00 10.00
16.78 9.69 10.00
16.24 9.38 10.00
15.70 9.06 10.00
15.16 8.75 10.00
14.61 8.44 10.00
14.07 8.12 10.00
13.53 7.81 10.00
12.99 7.50 10.00
12.45 7.19 10.00
11.91 6.88 10.00
11.37 6.56 10.00
10.83 6.25 10.00
10.28 5.94 10.00
9.74 5.62 10.00
9.20 5.31 10.00
8.66 5.00 10.00
8.12 4.69 10.00
7.58 4.38 10.00
7.04 4.06 10.00
6.50 3.75 10.00
5.95 3.44 10.00
5.41 3.12 10.00
4.87 2.81 10.00
4.33 2.50 10.00
3.79 2.19 10.00
3.25 1.88 10.00
2.71 1.56 10.00
2.17 1.25 10.00
1.62 0.94 10.00
1.08 0.62 10.00
0.54 0.31 10.00
0.00 0.00 10.00
