150,0000 340,0000
127,1475 348,1247
103,7235 351,1818
81,1659 355,2328
58,9198 357,8708
36,9808 359,3779
15,4400 358,4450
-5,8555 355,3464
-26,2581 348,4744
-46,3051 341,4759
-65,4890 333,7154
-83,6558 325,0541
-101,7859 317,3869
-119,6494 310,3446
-135,7613 300,9202
-151,8321 292,3407
-166,1046 281,5936
-180,0855 270,9253
-193,7214 260,2533
-206,8433 248,9714
-219,0605 236,5235
-230,5816 223,3051
-242,2423 210,5163
-251,7373 196,4598
-260,2331 182,1157
-266,3483 166,3219
-268,7558 149,2904
-267,9841 132,2427
-263,7438 115,6260
-258,4305 99,2965
-251,4253 83,7865
-242,6694 69,3116
-232,5584 55,7490
-219,7480 45,2110
-205,7668 37,0067
-192,2048 28,8567
-177,8165 22,7233
-162,6527 18,1780
-147,2328 14,9587
-132,7047 10,1976
-118,5557 5,0573
-104,3275 0,8427
-90,2444 -2,9103
-76,1484 -5,5097
