Waypoints Mission
6
-22.00597264465543;-47.89868819614218;0.000000000000000
-22.00597276642564;-47.89845184069402;0.000000000000000
-22.00597417292274;-47.89824039752025;0.000000000000000
-22.00601795092996;-47.89838078866928;0.000000000000000
-22.00592422996002;-47.89852655600002;0.000000000000000
-22.00597264465543;-47.89868819614218;0.000000000000000
Waypoints Buzzer
6
-22.00597264465543;-47.89868819614218;0.000000000000000
-22.00597276642564;-47.89845184069402;0.000000000000000
-22.00597417292274;-47.89824039752025;0.000000000000000
-22.00601795092996;-47.89838078866928;0.000000000000000
-22.00592422996002;-47.89852655600002;0.000000000000000
-22.00597264465543;-47.89868819614218;0.000000000000000
Waypoints Camera Picture
0
Waypoints Camera Video
1
-22.00597222222222;-47.89868888888889;0.000000000000000
Waypoints Camera Photo In Sequence
0
Waypoints Spraying
0
