0.00 0.00 10.00
0.00 0.31 10.00
0.00 0.62 10.00
0.00 0.94 10.00
0.00 1.25 10.00
0.00 1.56 10.00
0.00 1.88 10.00
0.00 2.19 10.00
0.00 2.50 10.00
0.00 2.81 10.00
0.00 3.12 10.00
0.00 3.44 10.00
0.00 3.75 10.00
0.00 4.06 10.00
0.00 4.38 10.00
0.00 4.69 10.00
0.00 5.00 10.00
0.00 5.31 10.00
0.00 5.62 10.00
0.00 5.94 10.00
0.00 6.25 10.00
0.00 6.56 10.00
0.00 6.88 10.00
0.00 7.19 10.00
0.00 7.50 10.00
0.00 7.81 10.00
0.00 8.12 10.00
0.00 8.44 10.00
0.00 8.75 10.00
0.00 9.06 10.00
0.00 9.38 10.00
0.00 9.69 10.00
0.00 10.00 10.00
0.00 10.31 10.00
0.00 10.62 10.00
0.00 10.94 10.00
0.00 11.25 10.00
0.00 11.56 10.00
0.00 11.88 10.00
0.00 12.19 10.00
0.00 12.50 10.00
0.00 12.81 10.00
0.00 13.12 10.00
0.00 13.44 10.00
0.00 13.75 10.00
0.00 14.06 10.00
0.00 14.38 10.00
0.00 14.69 10.00
0.00 15.00 10.00
0.00 15.31 10.00
0.00 15.62 10.00
0.00 15.94 10.00
0.00 16.25 10.00
0.00 16.56 10.00
0.00 16.88 10.00
0.00 17.19 10.00
0.00 17.50 10.00
0.00 17.81 10.00
0.00 18.12 10.00
0.00 18.44 10.00
0.00 18.75 10.00
0.00 19.06 10.00
0.00 19.38 10.00
0.00 19.69 10.00
0.00 20.00 10.00
0.31 20.00 10.00
0.62 20.00 10.00
0.94 20.00 10.00
1.25 20.00 10.00
1.56 20.00 10.00
1.88 20.00 10.00
2.19 20.00 10.00
2.50 20.00 10.00
2.81 20.00 10.00
3.12 20.00 10.00
3.44 20.00 10.00
3.75 20.00 10.00
4.06 20.00 10.00
4.38 20.00 10.00
4.69 20.00 10.00
5.00 20.00 10.00
5.31 20.00 10.00
5.62 20.00 10.00
5.94 20.00 10.00
6.25 20.00 10.00
6.56 20.00 10.00
6.88 20.00 10.00
7.19 20.00 10.00
7.50 20.00 10.00
7.81 20.00 10.00
8.12 20.00 10.00
8.44 20.00 10.00
8.75 20.00 10.00
9.06 20.00 10.00
9.38 20.00 10.00
9.69 20.00 10.00
10.00 20.00 10.00
10.31 20.00 10.00
10.62 20.00 10.00
10.94 20.00 10.00
11.25 20.00 10.00
11.56 20.00 10.00
11.88 20.00 10.00
12.19 20.00 10.00
12.50 20.00 10.00
12.81 20.00 10.00
13.12 20.00 10.00
13.44 20.00 10.00
13.75 20.00 10.00
14.06 20.00 10.00
14.38 20.00 10.00
14.69 20.00 10.00
15.00 20.00 10.00
15.31 20.00 10.00
15.62 20.00 10.00
15.94 20.00 10.00
16.25 20.00 10.00
16.56 20.00 10.00
16.88 20.00 10.00
17.19 20.00 10.00
17.50 20.00 10.00
17.81 20.00 10.00
18.12 20.00 10.00
18.44 20.00 10.00
18.75 20.00 10.00
19.06 20.00 10.00
19.38 20.00 10.00
19.69 20.00 10.00
20.00 20.00 10.00
20.00 19.69 10.00
20.00 19.38 10.00
20.00 19.06 10.00
20.00 18.75 10.00
20.00 18.44 10.00
20.00 18.12 10.00
20.00 17.81 10.00
20.00 17.50 10.00
20.00 17.19 10.00
20.00 16.88 10.00
20.00 16.56 10.00
20.00 16.25 10.00
20.00 15.94 10.00
20.00 15.62 10.00
20.00 15.31 10.00
20.00 15.00 10.00
20.00 14.69 10.00
20.00 14.38 10.00
20.00 14.06 10.00
20.00 13.75 10.00
20.00 13.44 10.00
20.00 13.12 10.00
20.00 12.81 10.00
20.00 12.50 10.00
20.00 12.19 10.00
20.00 11.88 10.00
20.00 11.56 10.00
20.00 11.25 10.00
20.00 10.94 10.00
20.00 10.62 10.00
20.00 10.31 10.00
20.00 10.00 10.00
20.00 9.69 10.00
20.00 9.38 10.00
20.00 9.06 10.00
20.00 8.75 10.00
20.00 8.44 10.00
20.00 8.12 10.00
20.00 7.81 10.00
20.00 7.50 10.00
20.00 7.19 10.00
20.00 6.88 10.00
20.00 6.56 10.00
20.00 6.25 10.00
20.00 5.94 10.00
20.00 5.62 10.00
20.00 5.31 10.00
20.00 5.00 10.00
20.00 4.69 10.00
20.00 4.38 10.00
20.00 4.06 10.00
20.00 3.75 10.00
20.00 3.44 10.00
20.00 3.12 10.00
20.00 2.81 10.00
20.00 2.50 10.00
20.00 2.19 10.00
20.00 1.88 10.00
20.00 1.56 10.00
20.00 1.25 10.00
20.00 0.94 10.00
20.00 0.62 10.00
20.00 0.31 10.00
20.00 0.00 10.00
19.69 0.00 10.00
19.38 0.00 10.00
19.06 0.00 10.00
18.75 0.00 10.00
18.44 0.00 10.00
18.12 0.00 10.00
17.81 0.00 10.00
17.50 0.00 10.00
17.19 0.00 10.00
16.88 0.00 10.00
16.56 0.00 10.00
16.25 0.00 10.00
15.94 0.00 10.00
15.62 0.00 10.00
15.31 0.00 10.00
15.00 0.00 10.00
14.69 0.00 10.00
14.38 0.00 10.00
14.06 0.00 10.00
13.75 0.00 10.00
13.44 0.00 10.00
13.12 0.00 10.00
12.81 0.00 10.00
12.50 0.00 10.00
12.19 0.00 10.00
11.88 0.00 10.00
11.56 0.00 10.00
11.25 0.00 10.00
10.94 0.00 10.00
10.62 0.00 10.00
10.31 0.00 10.00
10.00 0.00 10.00
9.69 0.00 10.00
9.38 0.00 10.00
9.06 0.00 10.00
8.75 0.00 10.00
8.44 0.00 10.00
8.12 0.00 10.00
7.81 0.00 10.00
7.50 0.00 10.00
7.19 0.00 10.00
6.88 0.00 10.00
6.56 0.00 10.00
6.25 0.00 10.00
5.94 0.00 10.00
5.62 0.00 10.00
5.31 0.00 10.00
5.00 0.00 10.00
4.69 0.00 10.00
4.38 0.00 10.00
4.06 0.00 10.00
3.75 0.00 10.00
3.44 0.00 10.00
3.12 0.00 10.00
2.81 0.00 10.00
2.50 0.00 10.00
2.19 0.00 10.00
1.88 0.00 10.00
1.56 0.00 10.00
1.25 0.00 10.00
0.94 0.00 10.00
0.62 0.00 10.00
0.31 0.00 10.00
0.00 0.00 10.00
