0.00 0.00 10.00
0.00 1.25 10.00
0.00 2.50 10.00
0.00 3.75 10.00
0.00 5.00 10.00
0.00 6.25 10.00
0.00 7.50 10.00
0.00 8.75 10.00
0.00 10.00 10.00
0.00 11.25 10.00
0.00 12.50 10.00
0.00 13.75 10.00
0.00 15.00 10.00
0.00 16.25 10.00
0.00 17.50 10.00
0.00 18.75 10.00
0.00 20.00 10.00
1.25 20.00 10.00
2.50 20.00 10.00
3.75 20.00 10.00
5.00 20.00 10.00
6.25 20.00 10.00
7.50 20.00 10.00
8.75 20.00 10.00
10.00 20.00 10.00
11.25 20.00 10.00
12.50 20.00 10.00
13.75 20.00 10.00
15.00 20.00 10.00
16.25 20.00 10.00
17.50 20.00 10.00
18.75 20.00 10.00
20.00 20.00 10.00
20.00 18.75 10.00
20.00 17.50 10.00
20.00 16.25 10.00
20.00 15.00 10.00
20.00 13.75 10.00
20.00 12.50 10.00
20.00 11.25 10.00
20.00 10.00 10.00
20.00 8.75 10.00
20.00 7.50 10.00
20.00 6.25 10.00
20.00 5.00 10.00
20.00 3.75 10.00
20.00 2.50 10.00
20.00 1.25 10.00
20.00 0.00 10.00
18.75 0.00 10.00
17.50 0.00 10.00
16.25 0.00 10.00
15.00 0.00 10.00
13.75 0.00 10.00
12.50 0.00 10.00
11.25 0.00 10.00
10.00 0.00 10.00
8.75 0.00 10.00
7.50 0.00 10.00
6.25 0.00 10.00
5.00 0.00 10.00
3.75 0.00 10.00
2.50 0.00 10.00
1.25 0.00 10.00
0.00 0.00 10.00
