0.00 0.00 10.00
0.00 0.62 10.00
0.00 1.25 10.00
0.00 1.88 10.00
0.00 2.50 10.00
0.00 3.12 10.00
0.00 3.75 10.00
0.00 4.38 10.00
0.00 5.00 10.00
0.00 5.62 10.00
0.00 6.25 10.00
0.00 6.88 10.00
0.00 7.50 10.00
0.00 8.12 10.00
0.00 8.75 10.00
0.00 9.38 10.00
0.00 10.00 10.00
0.00 10.62 10.00
0.00 11.25 10.00
0.00 11.88 10.00
0.00 12.50 10.00
0.00 13.12 10.00
0.00 13.75 10.00
0.00 14.38 10.00
0.00 15.00 10.00
0.00 15.62 10.00
0.00 16.25 10.00
0.00 16.88 10.00
0.00 17.50 10.00
0.00 18.12 10.00
0.00 18.75 10.00
0.00 19.38 10.00
0.00 20.00 10.00
0.62 20.00 10.00
1.25 20.00 10.00
1.88 20.00 10.00
2.50 20.00 10.00
3.12 20.00 10.00
3.75 20.00 10.00
4.38 20.00 10.00
5.00 20.00 10.00
5.62 20.00 10.00
6.25 20.00 10.00
6.88 20.00 10.00
7.50 20.00 10.00
8.12 20.00 10.00
8.75 20.00 10.00
9.38 20.00 10.00
10.00 20.00 10.00
10.62 20.00 10.00
11.25 20.00 10.00
11.88 20.00 10.00
12.50 20.00 10.00
13.12 20.00 10.00
13.75 20.00 10.00
14.38 20.00 10.00
15.00 20.00 10.00
15.62 20.00 10.00
16.25 20.00 10.00
16.88 20.00 10.00
17.50 20.00 10.00
18.12 20.00 10.00
18.75 20.00 10.00
19.38 20.00 10.00
20.00 20.00 10.00
20.00 19.38 10.00
20.00 18.75 10.00
20.00 18.12 10.00
20.00 17.50 10.00
20.00 16.88 10.00
20.00 16.25 10.00
20.00 15.62 10.00
20.00 15.00 10.00
20.00 14.38 10.00
20.00 13.75 10.00
20.00 13.12 10.00
20.00 12.50 10.00
20.00 11.88 10.00
20.00 11.25 10.00
20.00 10.62 10.00
20.00 10.00 10.00
20.00 9.38 10.00
20.00 8.75 10.00
20.00 8.12 10.00
20.00 7.50 10.00
20.00 6.88 10.00
20.00 6.25 10.00
20.00 5.62 10.00
20.00 5.00 10.00
20.00 4.38 10.00
20.00 3.75 10.00
20.00 3.12 10.00
20.00 2.50 10.00
20.00 1.88 10.00
20.00 1.25 10.00
20.00 0.62 10.00
20.00 0.00 10.00
19.38 0.00 10.00
18.75 0.00 10.00
18.12 0.00 10.00
17.50 0.00 10.00
16.88 0.00 10.00
16.25 0.00 10.00
15.62 0.00 10.00
15.00 0.00 10.00
14.38 0.00 10.00
13.75 0.00 10.00
13.12 0.00 10.00
12.50 0.00 10.00
11.88 0.00 10.00
11.25 0.00 10.00
10.62 0.00 10.00
10.00 0.00 10.00
9.38 0.00 10.00
8.75 0.00 10.00
8.12 0.00 10.00
7.50 0.00 10.00
6.88 0.00 10.00
6.25 0.00 10.00
5.62 0.00 10.00
5.00 0.00 10.00
4.38 0.00 10.00
3.75 0.00 10.00
3.12 0.00 10.00
2.50 0.00 10.00
1.88 0.00 10.00
1.25 0.00 10.00
0.62 0.00 10.00
0.00 0.00 10.00
