0.00 0.00 10.00
0.00 2.50 10.00
0.00 5.00 10.00
0.00 7.50 10.00
0.00 10.00 10.00
0.00 12.50 10.00
0.00 15.00 10.00
0.00 17.50 10.00
0.00 20.00 10.00
2.50 20.00 10.00
5.00 20.00 10.00
7.50 20.00 10.00
10.00 20.00 10.00
12.50 20.00 10.00
15.00 20.00 10.00
17.50 20.00 10.00
20.00 20.00 10.00
20.00 17.50 10.00
20.00 15.00 10.00
20.00 12.50 10.00
20.00 10.00 10.00
20.00 7.50 10.00
20.00 5.00 10.00
20.00 2.50 10.00
20.00 0.00 10.00
17.50 0.00 10.00
15.00 0.00 10.00
12.50 0.00 10.00
10.00 0.00 10.00
7.50 0.00 10.00
5.00 0.00 10.00
2.50 0.00 10.00
0.00 0.00 10.00
