QGC WPL 110
0	1	0	16	0	0	0	0	-21.973245270354468	-47.90224310950863	100.0	1
1	0	3	16	0	0	0	0	-21.97315462306666	-47.90224310950863	100.0	1
2	0	3	16	0	0	0	0	-21.97307741553794	-47.90219512199149	100.0	1
3	0	3	16	0	0	0	0	-21.973033898289078	-47.90211398134702	100.0	1
4	0	3	16	0	0	0	0	-21.973033897389257	-47.90202246321672	100.0	1
5	0	3	16	0	0	0	0	-21.97307544132587	-47.90194499968756	100.0	1
6	0	3	16	0	0	0	0	-21.973145783203694	-47.901901219154546	100.0	1
7	0	3	16	0	0	0	0	-21.973225273583832	-47.90190116781442	100.0	1
8	0	3	16	0	0	0	0	-21.973292678438778	-47.90194300420349	100.0	1
9	0	3	16	0	0	0	0	-21.973344987859978	-47.90200263914804	100.0	1
10	0	3	16	0	0	0	0	-21.9733883755343	-47.902068024186484	100.0	1
