Waypoints Mission
4
-22.00208833822264;-47.93304254164829;0.000000000000000
-22.00178029220159;-47.93305586273652;0.000000000000000
-22.00207836921366;-47.93335593940468;0.000000000000000
-22.00208833822264;-47.93304254164829;0.000000000000000
Waypoints Buzzer
4
-22.00208833822264;-47.93304254164829;0.000000000000000
-22.00178029220159;-47.93305586273652;0.000000000000000
-22.00207836921366;-47.93335593940468;0.000000000000000
-22.00208833822264;-47.93304254164829;0.000000000000000
Waypoints Camera Picture
2
-22.00178029220159;-47.93305586273652;0.000000000000000
-22.00207836921366;-47.93335593940468;0.000000000000000
Waypoints Camera Video
1
-22.00208464616724;-47.93330660511241;0.000000000000000
Waypoints Camera Photo In Sequence
1
-22.00195055885476;-47.93312785513001;0.000000000000000
Waypoints Spraying
0
