0.00 0.00 10.00
0.01 0.39 10.00
0.03 0.78 10.00
0.07 1.18 10.00
0.12 1.56 10.00
0.19 1.95 10.00
0.28 2.33 10.00
0.38 2.71 10.00
0.49 3.09 10.00
0.62 3.46 10.00
0.76 3.83 10.00
0.92 4.19 10.00
1.09 4.54 10.00
1.28 4.89 10.00
1.47 5.22 10.00
1.69 5.56 10.00
1.91 5.88 10.00
2.15 6.19 10.00
2.40 6.49 10.00
2.66 6.79 10.00
2.93 7.07 10.00
3.21 7.34 10.00
3.51 7.60 10.00
3.81 7.85 10.00
4.12 8.09 10.00
4.44 8.31 10.00
4.78 8.53 10.00
5.11 8.72 10.00
5.46 8.91 10.00
5.81 9.08 10.00
6.17 9.24 10.00
6.54 9.38 10.00
6.91 9.51 10.00
7.29 9.62 10.00
7.67 9.72 10.00
8.05 9.81 10.00
8.44 9.88 10.00
8.82 9.93 10.00
9.22 9.97 10.00
9.61 9.99 10.00
10.00 10.00 10.00
10.39 9.99 10.00
10.78 9.97 10.00
11.18 9.93 10.00
11.56 9.88 10.00
11.95 9.81 10.00
12.33 9.72 10.00
12.71 9.62 10.00
13.09 9.51 10.00
13.46 9.38 10.00
13.83 9.24 10.00
14.19 9.08 10.00
14.54 8.91 10.00
14.89 8.72 10.00
15.22 8.53 10.00
15.56 8.31 10.00
15.88 8.09 10.00
16.19 7.85 10.00
16.49 7.60 10.00
16.79 7.34 10.00
17.07 7.07 10.00
17.34 6.79 10.00
17.60 6.49 10.00
17.85 6.19 10.00
18.09 5.88 10.00
18.31 5.56 10.00
18.53 5.22 10.00
18.72 4.89 10.00
18.91 4.54 10.00
19.08 4.19 10.00
19.24 3.83 10.00
19.38 3.46 10.00
19.51 3.09 10.00
19.62 2.71 10.00
19.72 2.33 10.00
19.81 1.95 10.00
19.88 1.56 10.00
19.93 1.18 10.00
19.97 0.78 10.00
19.99 0.39 10.00
20.00 0.00 10.00
19.99 -0.39 10.00
19.97 -0.78 10.00
19.93 -1.18 10.00
19.88 -1.56 10.00
19.81 -1.95 10.00
19.72 -2.33 10.00
19.62 -2.71 10.00
19.51 -3.09 10.00
19.38 -3.46 10.00
19.24 -3.83 10.00
19.08 -4.19 10.00
18.91 -4.54 10.00
18.72 -4.89 10.00
18.53 -5.22 10.00
18.31 -5.56 10.00
18.09 -5.88 10.00
17.85 -6.19 10.00
17.60 -6.49 10.00
17.34 -6.79 10.00
17.07 -7.07 10.00
16.79 -7.34 10.00
16.49 -7.60 10.00
16.19 -7.85 10.00
15.88 -8.09 10.00
15.56 -8.31 10.00
15.22 -8.53 10.00
14.89 -8.72 10.00
14.54 -8.91 10.00
14.19 -9.08 10.00
13.83 -9.24 10.00
13.46 -9.38 10.00
13.09 -9.51 10.00
12.71 -9.62 10.00
12.33 -9.72 10.00
11.95 -9.81 10.00
11.56 -9.88 10.00
11.18 -9.93 10.00
10.78 -9.97 10.00
10.39 -9.99 10.00
10.00 -10.00 10.00
9.61 -9.99 10.00
9.22 -9.97 10.00
8.82 -9.93 10.00
8.44 -9.88 10.00
8.05 -9.81 10.00
7.67 -9.72 10.00
7.29 -9.62 10.00
6.91 -9.51 10.00
6.54 -9.38 10.00
6.17 -9.24 10.00
5.81 -9.08 10.00
5.46 -8.91 10.00
5.11 -8.72 10.00
4.78 -8.53 10.00
4.44 -8.31 10.00
4.12 -8.09 10.00
3.81 -7.85 10.00
3.51 -7.60 10.00
3.21 -7.34 10.00
2.93 -7.07 10.00
2.66 -6.79 10.00
2.40 -6.49 10.00
2.15 -6.19 10.00
1.91 -5.88 10.00
1.69 -5.56 10.00
1.47 -5.22 10.00
1.28 -4.89 10.00
1.09 -4.54 10.00
0.92 -4.19 10.00
0.76 -3.83 10.00
0.62 -3.46 10.00
0.49 -3.09 10.00
0.38 -2.71 10.00
0.28 -2.33 10.00
0.19 -1.95 10.00
0.12 -1.56 10.00
0.07 -1.18 10.00
0.03 -0.78 10.00
0.01 -0.39 10.00
0.00 -0.00 10.00
