0.00 0.00 10.00
0.00 0.02 10.00
0.00 0.05 10.00
0.00 0.07 10.00
0.00 0.10 10.00
0.00 0.12 10.00
0.00 0.15 10.00
0.00 0.17 10.00
0.00 0.20 10.00
0.00 0.22 10.00
0.00 0.25 10.00
0.00 0.27 10.00
0.00 0.29 10.00
0.01 0.32 10.00
0.01 0.34 10.00
0.01 0.37 10.00
0.01 0.39 10.00
0.01 0.42 10.00
0.01 0.44 10.00
0.01 0.47 10.00
0.01 0.49 10.00
0.01 0.52 10.00
0.01 0.54 10.00
0.02 0.56 10.00
0.02 0.59 10.00
0.02 0.61 10.00
0.02 0.64 10.00
0.02 0.66 10.00
0.02 0.69 10.00
0.03 0.71 10.00
0.03 0.74 10.00
0.03 0.76 10.00
0.03 0.78 10.00
0.03 0.81 10.00
0.03 0.83 10.00
0.04 0.86 10.00
0.04 0.88 10.00
0.04 0.91 10.00
0.04 0.93 10.00
0.05 0.96 10.00
0.05 0.98 10.00
0.05 1.00 10.00
0.05 1.03 10.00
0.06 1.05 10.00
0.06 1.08 10.00
0.06 1.10 10.00
0.06 1.13 10.00
0.07 1.15 10.00
0.07 1.18 10.00
0.07 1.20 10.00
0.08 1.22 10.00
0.08 1.25 10.00
0.08 1.27 10.00
0.08 1.30 10.00
0.09 1.32 10.00
0.09 1.35 10.00
0.09 1.37 10.00
0.10 1.39 10.00
0.10 1.42 10.00
0.10 1.44 10.00
0.11 1.47 10.00
0.11 1.49 10.00
0.12 1.52 10.00
0.12 1.54 10.00
0.12 1.56 10.00
0.13 1.59 10.00
0.13 1.61 10.00
0.13 1.64 10.00
0.14 1.66 10.00
0.14 1.69 10.00
0.15 1.71 10.00
0.15 1.73 10.00
0.16 1.76 10.00
0.16 1.78 10.00
0.16 1.81 10.00
0.17 1.83 10.00
0.17 1.85 10.00
0.18 1.88 10.00
0.18 1.90 10.00
0.19 1.93 10.00
0.19 1.95 10.00
0.20 1.97 10.00
0.20 2.00 10.00
0.21 2.02 10.00
0.21 2.05 10.00
0.22 2.07 10.00
0.22 2.10 10.00
0.23 2.12 10.00
0.23 2.14 10.00
0.24 2.17 10.00
0.24 2.19 10.00
0.25 2.21 10.00
0.25 2.24 10.00
0.26 2.26 10.00
0.26 2.29 10.00
0.27 2.31 10.00
0.28 2.33 10.00
0.28 2.36 10.00
0.29 2.38 10.00
0.29 2.41 10.00
0.30 2.43 10.00
0.31 2.45 10.00
0.31 2.48 10.00
0.32 2.50 10.00
0.32 2.52 10.00
0.33 2.55 10.00
0.34 2.57 10.00
0.34 2.60 10.00
0.35 2.62 10.00
0.36 2.64 10.00
0.36 2.67 10.00
0.37 2.69 10.00
0.38 2.71 10.00
0.38 2.74 10.00
0.39 2.76 10.00
0.40 2.79 10.00
0.40 2.81 10.00
0.41 2.83 10.00
0.42 2.86 10.00
0.42 2.88 10.00
0.43 2.90 10.00
0.44 2.93 10.00
0.44 2.95 10.00
0.45 2.97 10.00
0.46 3.00 10.00
0.47 3.02 10.00
0.47 3.04 10.00
0.48 3.07 10.00
0.49 3.09 10.00
0.50 3.11 10.00
0.50 3.14 10.00
0.51 3.16 10.00
0.52 3.18 10.00
0.53 3.21 10.00
0.54 3.23 10.00
0.54 3.25 10.00
0.55 3.28 10.00
0.56 3.30 10.00
0.57 3.32 10.00
0.58 3.35 10.00
0.58 3.37 10.00
0.59 3.39 10.00
0.60 3.42 10.00
0.61 3.44 10.00
0.62 3.46 10.00
0.63 3.48 10.00
0.64 3.51 10.00
0.64 3.53 10.00
0.65 3.55 10.00
0.66 3.58 10.00
0.67 3.60 10.00
0.68 3.62 10.00
0.69 3.64 10.00
0.70 3.67 10.00
0.71 3.69 10.00
0.71 3.71 10.00
0.72 3.74 10.00
0.73 3.76 10.00
0.74 3.78 10.00
0.75 3.80 10.00
0.76 3.83 10.00
0.77 3.85 10.00
0.78 3.87 10.00
0.79 3.89 10.00
0.80 3.92 10.00
0.81 3.94 10.00
0.82 3.96 10.00
0.83 3.98 10.00
0.84 4.01 10.00
0.85 4.03 10.00
0.86 4.05 10.00
0.87 4.07 10.00
0.88 4.10 10.00
0.89 4.12 10.00
0.90 4.14 10.00
0.91 4.16 10.00
0.92 4.19 10.00
0.93 4.21 10.00
0.94 4.23 10.00
0.95 4.25 10.00
0.96 4.28 10.00
0.97 4.30 10.00
0.98 4.32 10.00
0.99 4.34 10.00
1.00 4.36 10.00
1.01 4.39 10.00
1.02 4.41 10.00
1.03 4.43 10.00
1.05 4.45 10.00
1.06 4.47 10.00
1.07 4.50 10.00
1.08 4.52 10.00
1.09 4.54 10.00
1.10 4.56 10.00
1.11 4.58 10.00
1.12 4.61 10.00
1.13 4.63 10.00
1.15 4.65 10.00
1.16 4.67 10.00
1.17 4.69 10.00
1.18 4.71 10.00
1.19 4.74 10.00
1.20 4.76 10.00
1.22 4.78 10.00
1.23 4.80 10.00
1.24 4.82 10.00
1.25 4.84 10.00
1.26 4.86 10.00
1.28 4.89 10.00
1.29 4.91 10.00
1.30 4.93 10.00
1.31 4.95 10.00
1.32 4.97 10.00
1.34 4.99 10.00
1.35 5.01 10.00
1.36 5.04 10.00
1.37 5.06 10.00
1.39 5.08 10.00
1.40 5.10 10.00
1.41 5.12 10.00
1.42 5.14 10.00
1.44 5.16 10.00
1.45 5.18 10.00
1.46 5.20 10.00
1.47 5.22 10.00
1.49 5.25 10.00
1.50 5.27 10.00
1.51 5.29 10.00
1.53 5.31 10.00
1.54 5.33 10.00
1.55 5.35 10.00
1.56 5.37 10.00
1.58 5.39 10.00
1.59 5.41 10.00
1.60 5.43 10.00
1.62 5.45 10.00
1.63 5.47 10.00
1.64 5.49 10.00
1.66 5.51 10.00
1.67 5.54 10.00
1.69 5.56 10.00
1.70 5.58 10.00
1.71 5.60 10.00
1.73 5.62 10.00
1.74 5.64 10.00
1.75 5.66 10.00
1.77 5.68 10.00
1.78 5.70 10.00
1.80 5.72 10.00
1.81 5.74 10.00
1.82 5.76 10.00
1.84 5.78 10.00
1.85 5.80 10.00
1.87 5.82 10.00
1.88 5.84 10.00
1.90 5.86 10.00
1.91 5.88 10.00
1.92 5.90 10.00
1.94 5.92 10.00
1.95 5.94 10.00
1.97 5.96 10.00
1.98 5.98 10.00
2.00 6.00 10.00
2.01 6.02 10.00
2.03 6.04 10.00
2.04 6.06 10.00
2.06 6.07 10.00
2.07 6.09 10.00
2.09 6.11 10.00
2.10 6.13 10.00
2.12 6.15 10.00
2.13 6.17 10.00
2.15 6.19 10.00
2.16 6.21 10.00
2.18 6.23 10.00
2.19 6.25 10.00
2.21 6.27 10.00
2.22 6.29 10.00
2.24 6.31 10.00
2.25 6.32 10.00
2.27 6.34 10.00
2.29 6.36 10.00
2.30 6.38 10.00
2.32 6.40 10.00
2.33 6.42 10.00
2.35 6.44 10.00
2.36 6.46 10.00
2.38 6.48 10.00
2.40 6.49 10.00
2.41 6.51 10.00
2.43 6.53 10.00
2.44 6.55 10.00
2.46 6.57 10.00
2.48 6.59 10.00
2.49 6.61 10.00
2.51 6.62 10.00
2.52 6.64 10.00
2.54 6.66 10.00
2.56 6.68 10.00
2.57 6.70 10.00
2.59 6.72 10.00
2.61 6.73 10.00
2.62 6.75 10.00
2.64 6.77 10.00
2.66 6.79 10.00
2.67 6.81 10.00
2.69 6.82 10.00
2.71 6.84 10.00
2.72 6.86 10.00
2.74 6.88 10.00
2.76 6.90 10.00
2.77 6.91 10.00
2.79 6.93 10.00
2.81 6.95 10.00
2.83 6.97 10.00
2.84 6.98 10.00
2.86 7.00 10.00
2.88 7.02 10.00
2.89 7.04 10.00
2.91 7.05 10.00
2.93 7.07 10.00
2.95 7.09 10.00
2.96 7.11 10.00
2.98 7.12 10.00
3.00 7.14 10.00
3.02 7.16 10.00
3.03 7.17 10.00
3.05 7.19 10.00
3.07 7.21 10.00
3.09 7.23 10.00
3.10 7.24 10.00
3.12 7.26 10.00
3.14 7.28 10.00
3.16 7.29 10.00
3.18 7.31 10.00
3.19 7.33 10.00
3.21 7.34 10.00
3.23 7.36 10.00
3.25 7.38 10.00
3.27 7.39 10.00
3.28 7.41 10.00
3.30 7.43 10.00
3.32 7.44 10.00
3.34 7.46 10.00
3.36 7.48 10.00
3.38 7.49 10.00
3.39 7.51 10.00
3.41 7.52 10.00
3.43 7.54 10.00
3.45 7.56 10.00
3.47 7.57 10.00
3.49 7.59 10.00
3.51 7.60 10.00
3.52 7.62 10.00
3.54 7.64 10.00
3.56 7.65 10.00
3.58 7.67 10.00
3.60 7.68 10.00
3.62 7.70 10.00
3.64 7.71 10.00
3.66 7.73 10.00
3.68 7.75 10.00
3.69 7.76 10.00
3.71 7.78 10.00
3.73 7.79 10.00
3.75 7.81 10.00
3.77 7.82 10.00
3.79 7.84 10.00
3.81 7.85 10.00
3.83 7.87 10.00
3.85 7.88 10.00
3.87 7.90 10.00
3.89 7.91 10.00
3.91 7.93 10.00
3.93 7.94 10.00
3.94 7.96 10.00
3.96 7.97 10.00
3.98 7.99 10.00
4.00 8.00 10.00
4.02 8.02 10.00
4.04 8.03 10.00
4.06 8.05 10.00
4.08 8.06 10.00
4.10 8.08 10.00
4.12 8.09 10.00
4.14 8.10 10.00
4.16 8.12 10.00
4.18 8.13 10.00
4.20 8.15 10.00
4.22 8.16 10.00
4.24 8.18 10.00
4.26 8.19 10.00
4.28 8.20 10.00
4.30 8.22 10.00
4.32 8.23 10.00
4.34 8.25 10.00
4.36 8.26 10.00
4.38 8.27 10.00
4.40 8.29 10.00
4.42 8.30 10.00
4.44 8.31 10.00
4.46 8.33 10.00
4.49 8.34 10.00
4.51 8.36 10.00
4.53 8.37 10.00
4.55 8.38 10.00
4.57 8.40 10.00
4.59 8.41 10.00
4.61 8.42 10.00
4.63 8.44 10.00
4.65 8.45 10.00
4.67 8.46 10.00
4.69 8.47 10.00
4.71 8.49 10.00
4.73 8.50 10.00
4.75 8.51 10.00
4.78 8.53 10.00
4.80 8.54 10.00
4.82 8.55 10.00
4.84 8.56 10.00
4.86 8.58 10.00
4.88 8.59 10.00
4.90 8.60 10.00
4.92 8.61 10.00
4.94 8.63 10.00
4.96 8.64 10.00
4.99 8.65 10.00
5.01 8.66 10.00
5.03 8.68 10.00
5.05 8.69 10.00
5.07 8.70 10.00
5.09 8.71 10.00
5.11 8.72 10.00
5.14 8.74 10.00
5.16 8.75 10.00
5.18 8.76 10.00
5.20 8.77 10.00
5.22 8.78 10.00
5.24 8.80 10.00
5.26 8.81 10.00
5.29 8.82 10.00
5.31 8.83 10.00
5.33 8.84 10.00
5.35 8.85 10.00
5.37 8.87 10.00
5.39 8.88 10.00
5.42 8.89 10.00
5.44 8.90 10.00
5.46 8.91 10.00
5.48 8.92 10.00
5.50 8.93 10.00
5.53 8.94 10.00
5.55 8.95 10.00
5.57 8.97 10.00
5.59 8.98 10.00
5.61 8.99 10.00
5.64 9.00 10.00
5.66 9.01 10.00
5.68 9.02 10.00
5.70 9.03 10.00
5.72 9.04 10.00
5.75 9.05 10.00
5.77 9.06 10.00
5.79 9.07 10.00
5.81 9.08 10.00
5.84 9.09 10.00
5.86 9.10 10.00
5.88 9.11 10.00
5.90 9.12 10.00
5.93 9.13 10.00
5.95 9.14 10.00
5.97 9.15 10.00
5.99 9.16 10.00
6.02 9.17 10.00
6.04 9.18 10.00
6.06 9.19 10.00
6.08 9.20 10.00
6.11 9.21 10.00
6.13 9.22 10.00
6.15 9.23 10.00
6.17 9.24 10.00
6.20 9.25 10.00
6.22 9.26 10.00
6.24 9.27 10.00
6.26 9.28 10.00
6.29 9.29 10.00
6.31 9.29 10.00
6.33 9.30 10.00
6.36 9.31 10.00
6.38 9.32 10.00
6.40 9.33 10.00
6.42 9.34 10.00
6.45 9.35 10.00
6.47 9.36 10.00
6.49 9.36 10.00
6.52 9.37 10.00
6.54 9.38 10.00
6.56 9.39 10.00
6.58 9.40 10.00
6.61 9.41 10.00
6.63 9.42 10.00
6.65 9.42 10.00
6.68 9.43 10.00
6.70 9.44 10.00
6.72 9.45 10.00
6.75 9.46 10.00
6.77 9.46 10.00
6.79 9.47 10.00
6.82 9.48 10.00
6.84 9.49 10.00
6.86 9.50 10.00
6.89 9.50 10.00
6.91 9.51 10.00
6.93 9.52 10.00
6.96 9.53 10.00
6.98 9.53 10.00
7.00 9.54 10.00
7.03 9.55 10.00
7.05 9.56 10.00
7.07 9.56 10.00
7.10 9.57 10.00
7.12 9.58 10.00
7.14 9.58 10.00
7.17 9.59 10.00
7.19 9.60 10.00
7.21 9.60 10.00
7.24 9.61 10.00
7.26 9.62 10.00
7.29 9.62 10.00
7.31 9.63 10.00
7.33 9.64 10.00
7.36 9.64 10.00
7.38 9.65 10.00
7.40 9.66 10.00
7.43 9.66 10.00
7.45 9.67 10.00
7.48 9.68 10.00
7.50 9.68 10.00
7.52 9.69 10.00
7.55 9.69 10.00
7.57 9.70 10.00
7.59 9.71 10.00
7.62 9.71 10.00
7.64 9.72 10.00
7.67 9.72 10.00
7.69 9.73 10.00
7.71 9.74 10.00
7.74 9.74 10.00
7.76 9.75 10.00
7.79 9.75 10.00
7.81 9.76 10.00
7.83 9.76 10.00
7.86 9.77 10.00
7.88 9.77 10.00
7.90 9.78 10.00
7.93 9.78 10.00
7.95 9.79 10.00
7.98 9.79 10.00
8.00 9.80 10.00
8.03 9.80 10.00
8.05 9.81 10.00
8.07 9.81 10.00
8.10 9.82 10.00
8.12 9.82 10.00
8.15 9.83 10.00
8.17 9.83 10.00
8.19 9.84 10.00
8.22 9.84 10.00
8.24 9.84 10.00
8.27 9.85 10.00
8.29 9.85 10.00
8.31 9.86 10.00
8.34 9.86 10.00
8.36 9.87 10.00
8.39 9.87 10.00
8.41 9.87 10.00
8.44 9.88 10.00
8.46 9.88 10.00
8.48 9.88 10.00
8.51 9.89 10.00
8.53 9.89 10.00
8.56 9.90 10.00
8.58 9.90 10.00
8.61 9.90 10.00
8.63 9.91 10.00
8.65 9.91 10.00
8.68 9.91 10.00
8.70 9.92 10.00
8.73 9.92 10.00
8.75 9.92 10.00
8.78 9.92 10.00
8.80 9.93 10.00
8.82 9.93 10.00
8.85 9.93 10.00
8.87 9.94 10.00
8.90 9.94 10.00
8.92 9.94 10.00
8.95 9.94 10.00
8.97 9.95 10.00
9.00 9.95 10.00
9.02 9.95 10.00
9.04 9.95 10.00
9.07 9.96 10.00
9.09 9.96 10.00
9.12 9.96 10.00
9.14 9.96 10.00
9.17 9.97 10.00
9.19 9.97 10.00
9.22 9.97 10.00
9.24 9.97 10.00
9.26 9.97 10.00
9.29 9.97 10.00
9.31 9.98 10.00
9.34 9.98 10.00
9.36 9.98 10.00
9.39 9.98 10.00
9.41 9.98 10.00
9.44 9.98 10.00
9.46 9.99 10.00
9.48 9.99 10.00
9.51 9.99 10.00
9.53 9.99 10.00
9.56 9.99 10.00
9.58 9.99 10.00
9.61 9.99 10.00
9.63 9.99 10.00
9.66 9.99 10.00
9.68 9.99 10.00
9.71 10.00 10.00
9.73 10.00 10.00
9.75 10.00 10.00
9.78 10.00 10.00
9.80 10.00 10.00
9.83 10.00 10.00
9.85 10.00 10.00
9.88 10.00 10.00
9.90 10.00 10.00
9.93 10.00 10.00
9.95 10.00 10.00
9.98 10.00 10.00
10.00 10.00 10.00
10.02 10.00 10.00
10.05 10.00 10.00
10.07 10.00 10.00
10.10 10.00 10.00
10.12 10.00 10.00
10.15 10.00 10.00
10.17 10.00 10.00
10.20 10.00 10.00
10.22 10.00 10.00
10.25 10.00 10.00
10.27 10.00 10.00
10.29 10.00 10.00
10.32 9.99 10.00
10.34 9.99 10.00
10.37 9.99 10.00
10.39 9.99 10.00
10.42 9.99 10.00
10.44 9.99 10.00
10.47 9.99 10.00
10.49 9.99 10.00
10.52 9.99 10.00
10.54 9.99 10.00
10.56 9.98 10.00
10.59 9.98 10.00
10.61 9.98 10.00
10.64 9.98 10.00
10.66 9.98 10.00
10.69 9.98 10.00
10.71 9.97 10.00
10.74 9.97 10.00
10.76 9.97 10.00
10.78 9.97 10.00
10.81 9.97 10.00
10.83 9.97 10.00
10.86 9.96 10.00
10.88 9.96 10.00
10.91 9.96 10.00
10.93 9.96 10.00
10.96 9.95 10.00
10.98 9.95 10.00
11.00 9.95 10.00
11.03 9.95 10.00
11.05 9.94 10.00
11.08 9.94 10.00
11.10 9.94 10.00
11.13 9.94 10.00
11.15 9.93 10.00
11.18 9.93 10.00
11.20 9.93 10.00
11.22 9.92 10.00
11.25 9.92 10.00
11.27 9.92 10.00
11.30 9.92 10.00
11.32 9.91 10.00
11.35 9.91 10.00
11.37 9.91 10.00
11.39 9.90 10.00
11.42 9.90 10.00
11.44 9.90 10.00
11.47 9.89 10.00
11.49 9.89 10.00
11.52 9.88 10.00
11.54 9.88 10.00
11.56 9.88 10.00
11.59 9.87 10.00
11.61 9.87 10.00
11.64 9.87 10.00
11.66 9.86 10.00
11.69 9.86 10.00
11.71 9.85 10.00
11.73 9.85 10.00
11.76 9.84 10.00
11.78 9.84 10.00
11.81 9.84 10.00
11.83 9.83 10.00
11.85 9.83 10.00
11.88 9.82 10.00
11.90 9.82 10.00
11.93 9.81 10.00
11.95 9.81 10.00
11.97 9.80 10.00
12.00 9.80 10.00
12.02 9.79 10.00
12.05 9.79 10.00
12.07 9.78 10.00
12.10 9.78 10.00
12.12 9.77 10.00
12.14 9.77 10.00
12.17 9.76 10.00
12.19 9.76 10.00
12.21 9.75 10.00
12.24 9.75 10.00
12.26 9.74 10.00
12.29 9.74 10.00
12.31 9.73 10.00
12.33 9.72 10.00
12.36 9.72 10.00
12.38 9.71 10.00
12.41 9.71 10.00
12.43 9.70 10.00
12.45 9.69 10.00
12.48 9.69 10.00
12.50 9.68 10.00
12.52 9.68 10.00
12.55 9.67 10.00
12.57 9.66 10.00
12.60 9.66 10.00
12.62 9.65 10.00
12.64 9.64 10.00
12.67 9.64 10.00
12.69 9.63 10.00
12.71 9.62 10.00
12.74 9.62 10.00
12.76 9.61 10.00
12.79 9.60 10.00
12.81 9.60 10.00
12.83 9.59 10.00
12.86 9.58 10.00
12.88 9.58 10.00
12.90 9.57 10.00
12.93 9.56 10.00
12.95 9.56 10.00
12.97 9.55 10.00
13.00 9.54 10.00
13.02 9.53 10.00
13.04 9.53 10.00
13.07 9.52 10.00
13.09 9.51 10.00
13.11 9.50 10.00
13.14 9.50 10.00
13.16 9.49 10.00
13.18 9.48 10.00
13.21 9.47 10.00
13.23 9.46 10.00
13.25 9.46 10.00
13.28 9.45 10.00
13.30 9.44 10.00
13.32 9.43 10.00
13.35 9.42 10.00
13.37 9.42 10.00
13.39 9.41 10.00
13.42 9.40 10.00
13.44 9.39 10.00
13.46 9.38 10.00
13.48 9.37 10.00
13.51 9.36 10.00
13.53 9.36 10.00
13.55 9.35 10.00
13.58 9.34 10.00
13.60 9.33 10.00
13.62 9.32 10.00
13.64 9.31 10.00
13.67 9.30 10.00
13.69 9.29 10.00
13.71 9.29 10.00
13.74 9.28 10.00
13.76 9.27 10.00
13.78 9.26 10.00
13.80 9.25 10.00
13.83 9.24 10.00
13.85 9.23 10.00
13.87 9.22 10.00
13.89 9.21 10.00
13.92 9.20 10.00
13.94 9.19 10.00
13.96 9.18 10.00
13.98 9.17 10.00
14.01 9.16 10.00
14.03 9.15 10.00
14.05 9.14 10.00
14.07 9.13 10.00
14.10 9.12 10.00
14.12 9.11 10.00
14.14 9.10 10.00
14.16 9.09 10.00
14.19 9.08 10.00
14.21 9.07 10.00
14.23 9.06 10.00
14.25 9.05 10.00
14.28 9.04 10.00
14.30 9.03 10.00
14.32 9.02 10.00
14.34 9.01 10.00
14.36 9.00 10.00
14.39 8.99 10.00
14.41 8.98 10.00
14.43 8.97 10.00
14.45 8.95 10.00
14.47 8.94 10.00
14.50 8.93 10.00
14.52 8.92 10.00
14.54 8.91 10.00
14.56 8.90 10.00
14.58 8.89 10.00
14.61 8.88 10.00
14.63 8.87 10.00
14.65 8.85 10.00
14.67 8.84 10.00
14.69 8.83 10.00
14.71 8.82 10.00
14.74 8.81 10.00
14.76 8.80 10.00
14.78 8.78 10.00
14.80 8.77 10.00
14.82 8.76 10.00
14.84 8.75 10.00
14.86 8.74 10.00
14.89 8.72 10.00
14.91 8.71 10.00
14.93 8.70 10.00
14.95 8.69 10.00
14.97 8.68 10.00
14.99 8.66 10.00
15.01 8.65 10.00
15.04 8.64 10.00
15.06 8.63 10.00
15.08 8.61 10.00
15.10 8.60 10.00
15.12 8.59 10.00
15.14 8.58 10.00
15.16 8.56 10.00
15.18 8.55 10.00
15.20 8.54 10.00
15.22 8.53 10.00
15.25 8.51 10.00
15.27 8.50 10.00
15.29 8.49 10.00
15.31 8.47 10.00
15.33 8.46 10.00
15.35 8.45 10.00
15.37 8.44 10.00
15.39 8.42 10.00
15.41 8.41 10.00
15.43 8.40 10.00
15.45 8.38 10.00
15.47 8.37 10.00
15.49 8.36 10.00
15.51 8.34 10.00
15.54 8.33 10.00
15.56 8.31 10.00
15.58 8.30 10.00
15.60 8.29 10.00
15.62 8.27 10.00
15.64 8.26 10.00
15.66 8.25 10.00
15.68 8.23 10.00
15.70 8.22 10.00
15.72 8.20 10.00
15.74 8.19 10.00
15.76 8.18 10.00
15.78 8.16 10.00
15.80 8.15 10.00
15.82 8.13 10.00
15.84 8.12 10.00
15.86 8.10 10.00
15.88 8.09 10.00
15.90 8.08 10.00
15.92 8.06 10.00
15.94 8.05 10.00
15.96 8.03 10.00
15.98 8.02 10.00
16.00 8.00 10.00
16.02 7.99 10.00
16.04 7.97 10.00
16.06 7.96 10.00
16.07 7.94 10.00
16.09 7.93 10.00
16.11 7.91 10.00
16.13 7.90 10.00
16.15 7.88 10.00
16.17 7.87 10.00
16.19 7.85 10.00
16.21 7.84 10.00
16.23 7.82 10.00
16.25 7.81 10.00
16.27 7.79 10.00
16.29 7.78 10.00
16.31 7.76 10.00
16.32 7.75 10.00
16.34 7.73 10.00
16.36 7.71 10.00
16.38 7.70 10.00
16.40 7.68 10.00
16.42 7.67 10.00
16.44 7.65 10.00
16.46 7.64 10.00
16.48 7.62 10.00
16.49 7.60 10.00
16.51 7.59 10.00
16.53 7.57 10.00
16.55 7.56 10.00
16.57 7.54 10.00
16.59 7.52 10.00
16.61 7.51 10.00
16.62 7.49 10.00
16.64 7.48 10.00
16.66 7.46 10.00
16.68 7.44 10.00
16.70 7.43 10.00
16.72 7.41 10.00
16.73 7.39 10.00
16.75 7.38 10.00
16.77 7.36 10.00
16.79 7.34 10.00
16.81 7.33 10.00
16.82 7.31 10.00
16.84 7.29 10.00
16.86 7.28 10.00
16.88 7.26 10.00
16.90 7.24 10.00
16.91 7.23 10.00
16.93 7.21 10.00
16.95 7.19 10.00
16.97 7.17 10.00
16.98 7.16 10.00
17.00 7.14 10.00
17.02 7.12 10.00
17.04 7.11 10.00
17.05 7.09 10.00
17.07 7.07 10.00
17.09 7.05 10.00
17.11 7.04 10.00
17.12 7.02 10.00
17.14 7.00 10.00
17.16 6.98 10.00
17.17 6.97 10.00
17.19 6.95 10.00
17.21 6.93 10.00
17.23 6.91 10.00
17.24 6.90 10.00
17.26 6.88 10.00
17.28 6.86 10.00
17.29 6.84 10.00
17.31 6.82 10.00
17.33 6.81 10.00
17.34 6.79 10.00
17.36 6.77 10.00
17.38 6.75 10.00
17.39 6.73 10.00
17.41 6.72 10.00
17.43 6.70 10.00
17.44 6.68 10.00
17.46 6.66 10.00
17.48 6.64 10.00
17.49 6.62 10.00
17.51 6.61 10.00
17.52 6.59 10.00
17.54 6.57 10.00
17.56 6.55 10.00
17.57 6.53 10.00
17.59 6.51 10.00
17.60 6.49 10.00
17.62 6.48 10.00
17.64 6.46 10.00
17.65 6.44 10.00
17.67 6.42 10.00
17.68 6.40 10.00
17.70 6.38 10.00
17.71 6.36 10.00
17.73 6.34 10.00
17.75 6.32 10.00
17.76 6.31 10.00
17.78 6.29 10.00
17.79 6.27 10.00
17.81 6.25 10.00
17.82 6.23 10.00
17.84 6.21 10.00
17.85 6.19 10.00
17.87 6.17 10.00
17.88 6.15 10.00
17.90 6.13 10.00
17.91 6.11 10.00
17.93 6.09 10.00
17.94 6.07 10.00
17.96 6.06 10.00
17.97 6.04 10.00
17.99 6.02 10.00
18.00 6.00 10.00
18.02 5.98 10.00
18.03 5.96 10.00
18.05 5.94 10.00
18.06 5.92 10.00
18.08 5.90 10.00
18.09 5.88 10.00
18.10 5.86 10.00
18.12 5.84 10.00
18.13 5.82 10.00
18.15 5.80 10.00
18.16 5.78 10.00
18.18 5.76 10.00
18.19 5.74 10.00
18.20 5.72 10.00
18.22 5.70 10.00
18.23 5.68 10.00
18.25 5.66 10.00
18.26 5.64 10.00
18.27 5.62 10.00
18.29 5.60 10.00
18.30 5.58 10.00
18.31 5.56 10.00
18.33 5.54 10.00
18.34 5.51 10.00
18.36 5.49 10.00
18.37 5.47 10.00
18.38 5.45 10.00
18.40 5.43 10.00
18.41 5.41 10.00
18.42 5.39 10.00
18.44 5.37 10.00
18.45 5.35 10.00
18.46 5.33 10.00
18.47 5.31 10.00
18.49 5.29 10.00
18.50 5.27 10.00
18.51 5.25 10.00
18.53 5.22 10.00
18.54 5.20 10.00
18.55 5.18 10.00
18.56 5.16 10.00
18.58 5.14 10.00
18.59 5.12 10.00
18.60 5.10 10.00
18.61 5.08 10.00
18.63 5.06 10.00
18.64 5.04 10.00
18.65 5.01 10.00
18.66 4.99 10.00
18.68 4.97 10.00
18.69 4.95 10.00
18.70 4.93 10.00
18.71 4.91 10.00
18.72 4.89 10.00
18.74 4.86 10.00
18.75 4.84 10.00
18.76 4.82 10.00
18.77 4.80 10.00
18.78 4.78 10.00
18.80 4.76 10.00
18.81 4.74 10.00
18.82 4.71 10.00
18.83 4.69 10.00
18.84 4.67 10.00
18.85 4.65 10.00
18.87 4.63 10.00
18.88 4.61 10.00
18.89 4.58 10.00
18.90 4.56 10.00
18.91 4.54 10.00
18.92 4.52 10.00
18.93 4.50 10.00
18.94 4.47 10.00
18.95 4.45 10.00
18.97 4.43 10.00
18.98 4.41 10.00
18.99 4.39 10.00
19.00 4.36 10.00
19.01 4.34 10.00
19.02 4.32 10.00
19.03 4.30 10.00
19.04 4.28 10.00
19.05 4.25 10.00
19.06 4.23 10.00
19.07 4.21 10.00
19.08 4.19 10.00
19.09 4.16 10.00
19.10 4.14 10.00
19.11 4.12 10.00
19.12 4.10 10.00
19.13 4.07 10.00
19.14 4.05 10.00
19.15 4.03 10.00
19.16 4.01 10.00
19.17 3.98 10.00
19.18 3.96 10.00
19.19 3.94 10.00
19.20 3.92 10.00
19.21 3.89 10.00
19.22 3.87 10.00
19.23 3.85 10.00
19.24 3.83 10.00
19.25 3.80 10.00
19.26 3.78 10.00
19.27 3.76 10.00
19.28 3.74 10.00
19.29 3.71 10.00
19.29 3.69 10.00
19.30 3.67 10.00
19.31 3.64 10.00
19.32 3.62 10.00
19.33 3.60 10.00
19.34 3.58 10.00
19.35 3.55 10.00
19.36 3.53 10.00
19.36 3.51 10.00
19.37 3.48 10.00
19.38 3.46 10.00
19.39 3.44 10.00
19.40 3.42 10.00
19.41 3.39 10.00
19.42 3.37 10.00
19.42 3.35 10.00
19.43 3.32 10.00
19.44 3.30 10.00
19.45 3.28 10.00
19.46 3.25 10.00
19.46 3.23 10.00
19.47 3.21 10.00
19.48 3.18 10.00
19.49 3.16 10.00
19.50 3.14 10.00
19.50 3.11 10.00
19.51 3.09 10.00
19.52 3.07 10.00
19.53 3.04 10.00
19.53 3.02 10.00
19.54 3.00 10.00
19.55 2.97 10.00
19.56 2.95 10.00
19.56 2.93 10.00
19.57 2.90 10.00
19.58 2.88 10.00
19.58 2.86 10.00
19.59 2.83 10.00
19.60 2.81 10.00
19.60 2.79 10.00
19.61 2.76 10.00
19.62 2.74 10.00
19.62 2.71 10.00
19.63 2.69 10.00
19.64 2.67 10.00
19.64 2.64 10.00
19.65 2.62 10.00
19.66 2.60 10.00
19.66 2.57 10.00
19.67 2.55 10.00
19.68 2.52 10.00
19.68 2.50 10.00
19.69 2.48 10.00
19.69 2.45 10.00
19.70 2.43 10.00
19.71 2.41 10.00
19.71 2.38 10.00
19.72 2.36 10.00
19.72 2.33 10.00
19.73 2.31 10.00
19.74 2.29 10.00
19.74 2.26 10.00
19.75 2.24 10.00
19.75 2.21 10.00
19.76 2.19 10.00
19.76 2.17 10.00
19.77 2.14 10.00
19.77 2.12 10.00
19.78 2.10 10.00
19.78 2.07 10.00
19.79 2.05 10.00
19.79 2.02 10.00
19.80 2.00 10.00
19.80 1.97 10.00
19.81 1.95 10.00
19.81 1.93 10.00
19.82 1.90 10.00
19.82 1.88 10.00
19.83 1.85 10.00
19.83 1.83 10.00
19.84 1.81 10.00
19.84 1.78 10.00
19.84 1.76 10.00
19.85 1.73 10.00
19.85 1.71 10.00
19.86 1.69 10.00
19.86 1.66 10.00
19.87 1.64 10.00
19.87 1.61 10.00
19.87 1.59 10.00
19.88 1.56 10.00
19.88 1.54 10.00
19.88 1.52 10.00
19.89 1.49 10.00
19.89 1.47 10.00
19.90 1.44 10.00
19.90 1.42 10.00
19.90 1.39 10.00
19.91 1.37 10.00
19.91 1.35 10.00
19.91 1.32 10.00
19.92 1.30 10.00
19.92 1.27 10.00
19.92 1.25 10.00
19.92 1.22 10.00
19.93 1.20 10.00
19.93 1.18 10.00
19.93 1.15 10.00
19.94 1.13 10.00
19.94 1.10 10.00
19.94 1.08 10.00
19.94 1.05 10.00
19.95 1.03 10.00
19.95 1.00 10.00
19.95 0.98 10.00
19.95 0.96 10.00
19.96 0.93 10.00
19.96 0.91 10.00
19.96 0.88 10.00
19.96 0.86 10.00
19.97 0.83 10.00
19.97 0.81 10.00
19.97 0.78 10.00
19.97 0.76 10.00
19.97 0.74 10.00
19.97 0.71 10.00
19.98 0.69 10.00
19.98 0.66 10.00
19.98 0.64 10.00
19.98 0.61 10.00
19.98 0.59 10.00
19.98 0.56 10.00
19.99 0.54 10.00
19.99 0.52 10.00
19.99 0.49 10.00
19.99 0.47 10.00
19.99 0.44 10.00
19.99 0.42 10.00
19.99 0.39 10.00
19.99 0.37 10.00
19.99 0.34 10.00
19.99 0.32 10.00
20.00 0.29 10.00
20.00 0.27 10.00
20.00 0.25 10.00
20.00 0.22 10.00
20.00 0.20 10.00
20.00 0.17 10.00
20.00 0.15 10.00
20.00 0.12 10.00
20.00 0.10 10.00
20.00 0.07 10.00
20.00 0.05 10.00
20.00 0.02 10.00
20.00 0.00 10.00
20.00 -0.02 10.00
20.00 -0.05 10.00
20.00 -0.07 10.00
20.00 -0.10 10.00
20.00 -0.12 10.00
20.00 -0.15 10.00
20.00 -0.17 10.00
20.00 -0.20 10.00
20.00 -0.22 10.00
20.00 -0.25 10.00
20.00 -0.27 10.00
20.00 -0.29 10.00
19.99 -0.32 10.00
19.99 -0.34 10.00
19.99 -0.37 10.00
19.99 -0.39 10.00
19.99 -0.42 10.00
19.99 -0.44 10.00
19.99 -0.47 10.00
19.99 -0.49 10.00
19.99 -0.52 10.00
19.99 -0.54 10.00
19.98 -0.56 10.00
19.98 -0.59 10.00
19.98 -0.61 10.00
19.98 -0.64 10.00
19.98 -0.66 10.00
19.98 -0.69 10.00
19.97 -0.71 10.00
19.97 -0.74 10.00
19.97 -0.76 10.00
19.97 -0.78 10.00
19.97 -0.81 10.00
19.97 -0.83 10.00
19.96 -0.86 10.00
19.96 -0.88 10.00
19.96 -0.91 10.00
19.96 -0.93 10.00
19.95 -0.96 10.00
19.95 -0.98 10.00
19.95 -1.00 10.00
19.95 -1.03 10.00
19.94 -1.05 10.00
19.94 -1.08 10.00
19.94 -1.10 10.00
19.94 -1.13 10.00
19.93 -1.15 10.00
19.93 -1.18 10.00
19.93 -1.20 10.00
19.92 -1.22 10.00
19.92 -1.25 10.00
19.92 -1.27 10.00
19.92 -1.30 10.00
19.91 -1.32 10.00
19.91 -1.35 10.00
19.91 -1.37 10.00
19.90 -1.39 10.00
19.90 -1.42 10.00
19.90 -1.44 10.00
19.89 -1.47 10.00
19.89 -1.49 10.00
19.88 -1.52 10.00
19.88 -1.54 10.00
19.88 -1.56 10.00
19.87 -1.59 10.00
19.87 -1.61 10.00
19.87 -1.64 10.00
19.86 -1.66 10.00
19.86 -1.69 10.00
19.85 -1.71 10.00
19.85 -1.73 10.00
19.84 -1.76 10.00
19.84 -1.78 10.00
19.84 -1.81 10.00
19.83 -1.83 10.00
19.83 -1.85 10.00
19.82 -1.88 10.00
19.82 -1.90 10.00
19.81 -1.93 10.00
19.81 -1.95 10.00
19.80 -1.97 10.00
19.80 -2.00 10.00
19.79 -2.02 10.00
19.79 -2.05 10.00
19.78 -2.07 10.00
19.78 -2.10 10.00
19.77 -2.12 10.00
19.77 -2.14 10.00
19.76 -2.17 10.00
19.76 -2.19 10.00
19.75 -2.21 10.00
19.75 -2.24 10.00
19.74 -2.26 10.00
19.74 -2.29 10.00
19.73 -2.31 10.00
19.72 -2.33 10.00
19.72 -2.36 10.00
19.71 -2.38 10.00
19.71 -2.41 10.00
19.70 -2.43 10.00
19.69 -2.45 10.00
19.69 -2.48 10.00
19.68 -2.50 10.00
19.68 -2.52 10.00
19.67 -2.55 10.00
19.66 -2.57 10.00
19.66 -2.60 10.00
19.65 -2.62 10.00
19.64 -2.64 10.00
19.64 -2.67 10.00
19.63 -2.69 10.00
19.62 -2.71 10.00
19.62 -2.74 10.00
19.61 -2.76 10.00
19.60 -2.79 10.00
19.60 -2.81 10.00
19.59 -2.83 10.00
19.58 -2.86 10.00
19.58 -2.88 10.00
19.57 -2.90 10.00
19.56 -2.93 10.00
19.56 -2.95 10.00
19.55 -2.97 10.00
19.54 -3.00 10.00
19.53 -3.02 10.00
19.53 -3.04 10.00
19.52 -3.07 10.00
19.51 -3.09 10.00
19.50 -3.11 10.00
19.50 -3.14 10.00
19.49 -3.16 10.00
19.48 -3.18 10.00
19.47 -3.21 10.00
19.46 -3.23 10.00
19.46 -3.25 10.00
19.45 -3.28 10.00
19.44 -3.30 10.00
19.43 -3.32 10.00
19.42 -3.35 10.00
19.42 -3.37 10.00
19.41 -3.39 10.00
19.40 -3.42 10.00
19.39 -3.44 10.00
19.38 -3.46 10.00
19.37 -3.48 10.00
19.36 -3.51 10.00
19.36 -3.53 10.00
19.35 -3.55 10.00
19.34 -3.58 10.00
19.33 -3.60 10.00
19.32 -3.62 10.00
19.31 -3.64 10.00
19.30 -3.67 10.00
19.29 -3.69 10.00
19.29 -3.71 10.00
19.28 -3.74 10.00
19.27 -3.76 10.00
19.26 -3.78 10.00
19.25 -3.80 10.00
19.24 -3.83 10.00
19.23 -3.85 10.00
19.22 -3.87 10.00
19.21 -3.89 10.00
19.20 -3.92 10.00
19.19 -3.94 10.00
19.18 -3.96 10.00
19.17 -3.98 10.00
19.16 -4.01 10.00
19.15 -4.03 10.00
19.14 -4.05 10.00
19.13 -4.07 10.00
19.12 -4.10 10.00
19.11 -4.12 10.00
19.10 -4.14 10.00
19.09 -4.16 10.00
19.08 -4.19 10.00
19.07 -4.21 10.00
19.06 -4.23 10.00
19.05 -4.25 10.00
19.04 -4.28 10.00
19.03 -4.30 10.00
19.02 -4.32 10.00
19.01 -4.34 10.00
19.00 -4.36 10.00
18.99 -4.39 10.00
18.98 -4.41 10.00
18.97 -4.43 10.00
18.95 -4.45 10.00
18.94 -4.47 10.00
18.93 -4.50 10.00
18.92 -4.52 10.00
18.91 -4.54 10.00
18.90 -4.56 10.00
18.89 -4.58 10.00
18.88 -4.61 10.00
18.87 -4.63 10.00
18.85 -4.65 10.00
18.84 -4.67 10.00
18.83 -4.69 10.00
18.82 -4.71 10.00
18.81 -4.74 10.00
18.80 -4.76 10.00
18.78 -4.78 10.00
18.77 -4.80 10.00
18.76 -4.82 10.00
18.75 -4.84 10.00
18.74 -4.86 10.00
18.72 -4.89 10.00
18.71 -4.91 10.00
18.70 -4.93 10.00
18.69 -4.95 10.00
18.68 -4.97 10.00
18.66 -4.99 10.00
18.65 -5.01 10.00
18.64 -5.04 10.00
18.63 -5.06 10.00
18.61 -5.08 10.00
18.60 -5.10 10.00
18.59 -5.12 10.00
18.58 -5.14 10.00
18.56 -5.16 10.00
18.55 -5.18 10.00
18.54 -5.20 10.00
18.53 -5.22 10.00
18.51 -5.25 10.00
18.50 -5.27 10.00
18.49 -5.29 10.00
18.47 -5.31 10.00
18.46 -5.33 10.00
18.45 -5.35 10.00
18.44 -5.37 10.00
18.42 -5.39 10.00
18.41 -5.41 10.00
18.40 -5.43 10.00
18.38 -5.45 10.00
18.37 -5.47 10.00
18.36 -5.49 10.00
18.34 -5.51 10.00
18.33 -5.54 10.00
18.31 -5.56 10.00
18.30 -5.58 10.00
18.29 -5.60 10.00
18.27 -5.62 10.00
18.26 -5.64 10.00
18.25 -5.66 10.00
18.23 -5.68 10.00
18.22 -5.70 10.00
18.20 -5.72 10.00
18.19 -5.74 10.00
18.18 -5.76 10.00
18.16 -5.78 10.00
18.15 -5.80 10.00
18.13 -5.82 10.00
18.12 -5.84 10.00
18.10 -5.86 10.00
18.09 -5.88 10.00
18.08 -5.90 10.00
18.06 -5.92 10.00
18.05 -5.94 10.00
18.03 -5.96 10.00
18.02 -5.98 10.00
18.00 -6.00 10.00
17.99 -6.02 10.00
17.97 -6.04 10.00
17.96 -6.06 10.00
17.94 -6.07 10.00
17.93 -6.09 10.00
17.91 -6.11 10.00
17.90 -6.13 10.00
17.88 -6.15 10.00
17.87 -6.17 10.00
17.85 -6.19 10.00
17.84 -6.21 10.00
17.82 -6.23 10.00
17.81 -6.25 10.00
17.79 -6.27 10.00
17.78 -6.29 10.00
17.76 -6.31 10.00
17.75 -6.32 10.00
17.73 -6.34 10.00
17.71 -6.36 10.00
17.70 -6.38 10.00
17.68 -6.40 10.00
17.67 -6.42 10.00
17.65 -6.44 10.00
17.64 -6.46 10.00
17.62 -6.48 10.00
17.60 -6.49 10.00
17.59 -6.51 10.00
17.57 -6.53 10.00
17.56 -6.55 10.00
17.54 -6.57 10.00
17.52 -6.59 10.00
17.51 -6.61 10.00
17.49 -6.62 10.00
17.48 -6.64 10.00
17.46 -6.66 10.00
17.44 -6.68 10.00
17.43 -6.70 10.00
17.41 -6.72 10.00
17.39 -6.73 10.00
17.38 -6.75 10.00
17.36 -6.77 10.00
17.34 -6.79 10.00
17.33 -6.81 10.00
17.31 -6.82 10.00
17.29 -6.84 10.00
17.28 -6.86 10.00
17.26 -6.88 10.00
17.24 -6.90 10.00
17.23 -6.91 10.00
17.21 -6.93 10.00
17.19 -6.95 10.00
17.17 -6.97 10.00
17.16 -6.98 10.00
17.14 -7.00 10.00
17.12 -7.02 10.00
17.11 -7.04 10.00
17.09 -7.05 10.00
17.07 -7.07 10.00
17.05 -7.09 10.00
17.04 -7.11 10.00
17.02 -7.12 10.00
17.00 -7.14 10.00
16.98 -7.16 10.00
16.97 -7.17 10.00
16.95 -7.19 10.00
16.93 -7.21 10.00
16.91 -7.23 10.00
16.90 -7.24 10.00
16.88 -7.26 10.00
16.86 -7.28 10.00
16.84 -7.29 10.00
16.82 -7.31 10.00
16.81 -7.33 10.00
16.79 -7.34 10.00
16.77 -7.36 10.00
16.75 -7.38 10.00
16.73 -7.39 10.00
16.72 -7.41 10.00
16.70 -7.43 10.00
16.68 -7.44 10.00
16.66 -7.46 10.00
16.64 -7.48 10.00
16.62 -7.49 10.00
16.61 -7.51 10.00
16.59 -7.52 10.00
16.57 -7.54 10.00
16.55 -7.56 10.00
16.53 -7.57 10.00
16.51 -7.59 10.00
16.49 -7.60 10.00
16.48 -7.62 10.00
16.46 -7.64 10.00
16.44 -7.65 10.00
16.42 -7.67 10.00
16.40 -7.68 10.00
16.38 -7.70 10.00
16.36 -7.71 10.00
16.34 -7.73 10.00
16.32 -7.75 10.00
16.31 -7.76 10.00
16.29 -7.78 10.00
16.27 -7.79 10.00
16.25 -7.81 10.00
16.23 -7.82 10.00
16.21 -7.84 10.00
16.19 -7.85 10.00
16.17 -7.87 10.00
16.15 -7.88 10.00
16.13 -7.90 10.00
16.11 -7.91 10.00
16.09 -7.93 10.00
16.07 -7.94 10.00
16.06 -7.96 10.00
16.04 -7.97 10.00
16.02 -7.99 10.00
16.00 -8.00 10.00
15.98 -8.02 10.00
15.96 -8.03 10.00
15.94 -8.05 10.00
15.92 -8.06 10.00
15.90 -8.08 10.00
15.88 -8.09 10.00
15.86 -8.10 10.00
15.84 -8.12 10.00
15.82 -8.13 10.00
15.80 -8.15 10.00
15.78 -8.16 10.00
15.76 -8.18 10.00
15.74 -8.19 10.00
15.72 -8.20 10.00
15.70 -8.22 10.00
15.68 -8.23 10.00
15.66 -8.25 10.00
15.64 -8.26 10.00
15.62 -8.27 10.00
15.60 -8.29 10.00
15.58 -8.30 10.00
15.56 -8.31 10.00
15.54 -8.33 10.00
15.51 -8.34 10.00
15.49 -8.36 10.00
15.47 -8.37 10.00
15.45 -8.38 10.00
15.43 -8.40 10.00
15.41 -8.41 10.00
15.39 -8.42 10.00
15.37 -8.44 10.00
15.35 -8.45 10.00
15.33 -8.46 10.00
15.31 -8.47 10.00
15.29 -8.49 10.00
15.27 -8.50 10.00
15.25 -8.51 10.00
15.22 -8.53 10.00
15.20 -8.54 10.00
15.18 -8.55 10.00
15.16 -8.56 10.00
15.14 -8.58 10.00
15.12 -8.59 10.00
15.10 -8.60 10.00
15.08 -8.61 10.00
15.06 -8.63 10.00
15.04 -8.64 10.00
15.01 -8.65 10.00
14.99 -8.66 10.00
14.97 -8.68 10.00
14.95 -8.69 10.00
14.93 -8.70 10.00
14.91 -8.71 10.00
14.89 -8.72 10.00
14.86 -8.74 10.00
14.84 -8.75 10.00
14.82 -8.76 10.00
14.80 -8.77 10.00
14.78 -8.78 10.00
14.76 -8.80 10.00
14.74 -8.81 10.00
14.71 -8.82 10.00
14.69 -8.83 10.00
14.67 -8.84 10.00
14.65 -8.85 10.00
14.63 -8.87 10.00
14.61 -8.88 10.00
14.58 -8.89 10.00
14.56 -8.90 10.00
14.54 -8.91 10.00
14.52 -8.92 10.00
14.50 -8.93 10.00
14.47 -8.94 10.00
14.45 -8.95 10.00
14.43 -8.97 10.00
14.41 -8.98 10.00
14.39 -8.99 10.00
14.36 -9.00 10.00
14.34 -9.01 10.00
14.32 -9.02 10.00
14.30 -9.03 10.00
14.28 -9.04 10.00
14.25 -9.05 10.00
14.23 -9.06 10.00
14.21 -9.07 10.00
14.19 -9.08 10.00
14.16 -9.09 10.00
14.14 -9.10 10.00
14.12 -9.11 10.00
14.10 -9.12 10.00
14.07 -9.13 10.00
14.05 -9.14 10.00
14.03 -9.15 10.00
14.01 -9.16 10.00
13.98 -9.17 10.00
13.96 -9.18 10.00
13.94 -9.19 10.00
13.92 -9.20 10.00
13.89 -9.21 10.00
13.87 -9.22 10.00
13.85 -9.23 10.00
13.83 -9.24 10.00
13.80 -9.25 10.00
13.78 -9.26 10.00
13.76 -9.27 10.00
13.74 -9.28 10.00
13.71 -9.29 10.00
13.69 -9.29 10.00
13.67 -9.30 10.00
13.64 -9.31 10.00
13.62 -9.32 10.00
13.60 -9.33 10.00
13.58 -9.34 10.00
13.55 -9.35 10.00
13.53 -9.36 10.00
13.51 -9.36 10.00
13.48 -9.37 10.00
13.46 -9.38 10.00
13.44 -9.39 10.00
13.42 -9.40 10.00
13.39 -9.41 10.00
13.37 -9.42 10.00
13.35 -9.42 10.00
13.32 -9.43 10.00
13.30 -9.44 10.00
13.28 -9.45 10.00
13.25 -9.46 10.00
13.23 -9.46 10.00
13.21 -9.47 10.00
13.18 -9.48 10.00
13.16 -9.49 10.00
13.14 -9.50 10.00
13.11 -9.50 10.00
13.09 -9.51 10.00
13.07 -9.52 10.00
13.04 -9.53 10.00
13.02 -9.53 10.00
13.00 -9.54 10.00
12.97 -9.55 10.00
12.95 -9.56 10.00
12.93 -9.56 10.00
12.90 -9.57 10.00
12.88 -9.58 10.00
12.86 -9.58 10.00
12.83 -9.59 10.00
12.81 -9.60 10.00
12.79 -9.60 10.00
12.76 -9.61 10.00
12.74 -9.62 10.00
12.71 -9.62 10.00
12.69 -9.63 10.00
12.67 -9.64 10.00
12.64 -9.64 10.00
12.62 -9.65 10.00
12.60 -9.66 10.00
12.57 -9.66 10.00
12.55 -9.67 10.00
12.52 -9.68 10.00
12.50 -9.68 10.00
12.48 -9.69 10.00
12.45 -9.69 10.00
12.43 -9.70 10.00
12.41 -9.71 10.00
12.38 -9.71 10.00
12.36 -9.72 10.00
12.33 -9.72 10.00
12.31 -9.73 10.00
12.29 -9.74 10.00
12.26 -9.74 10.00
12.24 -9.75 10.00
12.21 -9.75 10.00
12.19 -9.76 10.00
12.17 -9.76 10.00
12.14 -9.77 10.00
12.12 -9.77 10.00
12.10 -9.78 10.00
12.07 -9.78 10.00
12.05 -9.79 10.00
12.02 -9.79 10.00
12.00 -9.80 10.00
11.97 -9.80 10.00
11.95 -9.81 10.00
11.93 -9.81 10.00
11.90 -9.82 10.00
11.88 -9.82 10.00
11.85 -9.83 10.00
11.83 -9.83 10.00
11.81 -9.84 10.00
11.78 -9.84 10.00
11.76 -9.84 10.00
11.73 -9.85 10.00
11.71 -9.85 10.00
11.69 -9.86 10.00
11.66 -9.86 10.00
11.64 -9.87 10.00
11.61 -9.87 10.00
11.59 -9.87 10.00
11.56 -9.88 10.00
11.54 -9.88 10.00
11.52 -9.88 10.00
11.49 -9.89 10.00
11.47 -9.89 10.00
11.44 -9.90 10.00
11.42 -9.90 10.00
11.39 -9.90 10.00
11.37 -9.91 10.00
11.35 -9.91 10.00
11.32 -9.91 10.00
11.30 -9.92 10.00
11.27 -9.92 10.00
11.25 -9.92 10.00
11.22 -9.92 10.00
11.20 -9.93 10.00
11.18 -9.93 10.00
11.15 -9.93 10.00
11.13 -9.94 10.00
11.10 -9.94 10.00
11.08 -9.94 10.00
11.05 -9.94 10.00
11.03 -9.95 10.00
11.00 -9.95 10.00
10.98 -9.95 10.00
10.96 -9.95 10.00
10.93 -9.96 10.00
10.91 -9.96 10.00
10.88 -9.96 10.00
10.86 -9.96 10.00
10.83 -9.97 10.00
10.81 -9.97 10.00
10.78 -9.97 10.00
10.76 -9.97 10.00
10.74 -9.97 10.00
10.71 -9.97 10.00
10.69 -9.98 10.00
10.66 -9.98 10.00
10.64 -9.98 10.00
10.61 -9.98 10.00
10.59 -9.98 10.00
10.56 -9.98 10.00
10.54 -9.99 10.00
10.52 -9.99 10.00
10.49 -9.99 10.00
10.47 -9.99 10.00
10.44 -9.99 10.00
10.42 -9.99 10.00
10.39 -9.99 10.00
10.37 -9.99 10.00
10.34 -9.99 10.00
10.32 -9.99 10.00
10.29 -10.00 10.00
10.27 -10.00 10.00
10.25 -10.00 10.00
10.22 -10.00 10.00
10.20 -10.00 10.00
10.17 -10.00 10.00
10.15 -10.00 10.00
10.12 -10.00 10.00
10.10 -10.00 10.00
10.07 -10.00 10.00
10.05 -10.00 10.00
10.02 -10.00 10.00
10.00 -10.00 10.00
9.98 -10.00 10.00
9.95 -10.00 10.00
9.93 -10.00 10.00
9.90 -10.00 10.00
9.88 -10.00 10.00
9.85 -10.00 10.00
9.83 -10.00 10.00
9.80 -10.00 10.00
9.78 -10.00 10.00
9.75 -10.00 10.00
9.73 -10.00 10.00
9.71 -10.00 10.00
9.68 -9.99 10.00
9.66 -9.99 10.00
9.63 -9.99 10.00
9.61 -9.99 10.00
9.58 -9.99 10.00
9.56 -9.99 10.00
9.53 -9.99 10.00
9.51 -9.99 10.00
9.48 -9.99 10.00
9.46 -9.99 10.00
9.44 -9.98 10.00
9.41 -9.98 10.00
9.39 -9.98 10.00
9.36 -9.98 10.00
9.34 -9.98 10.00
9.31 -9.98 10.00
9.29 -9.97 10.00
9.26 -9.97 10.00
9.24 -9.97 10.00
9.22 -9.97 10.00
9.19 -9.97 10.00
9.17 -9.97 10.00
9.14 -9.96 10.00
9.12 -9.96 10.00
9.09 -9.96 10.00
9.07 -9.96 10.00
9.04 -9.95 10.00
9.02 -9.95 10.00
9.00 -9.95 10.00
8.97 -9.95 10.00
8.95 -9.94 10.00
8.92 -9.94 10.00
8.90 -9.94 10.00
8.87 -9.94 10.00
8.85 -9.93 10.00
8.82 -9.93 10.00
8.80 -9.93 10.00
8.78 -9.92 10.00
8.75 -9.92 10.00
8.73 -9.92 10.00
8.70 -9.92 10.00
8.68 -9.91 10.00
8.65 -9.91 10.00
8.63 -9.91 10.00
8.61 -9.90 10.00
8.58 -9.90 10.00
8.56 -9.90 10.00
8.53 -9.89 10.00
8.51 -9.89 10.00
8.48 -9.88 10.00
8.46 -9.88 10.00
8.44 -9.88 10.00
8.41 -9.87 10.00
8.39 -9.87 10.00
8.36 -9.87 10.00
8.34 -9.86 10.00
8.31 -9.86 10.00
8.29 -9.85 10.00
8.27 -9.85 10.00
8.24 -9.84 10.00
8.22 -9.84 10.00
8.19 -9.84 10.00
8.17 -9.83 10.00
8.15 -9.83 10.00
8.12 -9.82 10.00
8.10 -9.82 10.00
8.07 -9.81 10.00
8.05 -9.81 10.00
8.03 -9.80 10.00
8.00 -9.80 10.00
7.98 -9.79 10.00
7.95 -9.79 10.00
7.93 -9.78 10.00
7.90 -9.78 10.00
7.88 -9.77 10.00
7.86 -9.77 10.00
7.83 -9.76 10.00
7.81 -9.76 10.00
7.79 -9.75 10.00
7.76 -9.75 10.00
7.74 -9.74 10.00
7.71 -9.74 10.00
7.69 -9.73 10.00
7.67 -9.72 10.00
7.64 -9.72 10.00
7.62 -9.71 10.00
7.59 -9.71 10.00
7.57 -9.70 10.00
7.55 -9.69 10.00
7.52 -9.69 10.00
7.50 -9.68 10.00
7.48 -9.68 10.00
7.45 -9.67 10.00
7.43 -9.66 10.00
7.40 -9.66 10.00
7.38 -9.65 10.00
7.36 -9.64 10.00
7.33 -9.64 10.00
7.31 -9.63 10.00
7.29 -9.62 10.00
7.26 -9.62 10.00
7.24 -9.61 10.00
7.21 -9.60 10.00
7.19 -9.60 10.00
7.17 -9.59 10.00
7.14 -9.58 10.00
7.12 -9.58 10.00
7.10 -9.57 10.00
7.07 -9.56 10.00
7.05 -9.56 10.00
7.03 -9.55 10.00
7.00 -9.54 10.00
6.98 -9.53 10.00
6.96 -9.53 10.00
6.93 -9.52 10.00
6.91 -9.51 10.00
6.89 -9.50 10.00
6.86 -9.50 10.00
6.84 -9.49 10.00
6.82 -9.48 10.00
6.79 -9.47 10.00
6.77 -9.46 10.00
6.75 -9.46 10.00
6.72 -9.45 10.00
6.70 -9.44 10.00
6.68 -9.43 10.00
6.65 -9.42 10.00
6.63 -9.42 10.00
6.61 -9.41 10.00
6.58 -9.40 10.00
6.56 -9.39 10.00
6.54 -9.38 10.00
6.52 -9.37 10.00
6.49 -9.36 10.00
6.47 -9.36 10.00
6.45 -9.35 10.00
6.42 -9.34 10.00
6.40 -9.33 10.00
6.38 -9.32 10.00
6.36 -9.31 10.00
6.33 -9.30 10.00
6.31 -9.29 10.00
6.29 -9.29 10.00
6.26 -9.28 10.00
6.24 -9.27 10.00
6.22 -9.26 10.00
6.20 -9.25 10.00
6.17 -9.24 10.00
6.15 -9.23 10.00
6.13 -9.22 10.00
6.11 -9.21 10.00
6.08 -9.20 10.00
6.06 -9.19 10.00
6.04 -9.18 10.00
6.02 -9.17 10.00
5.99 -9.16 10.00
5.97 -9.15 10.00
5.95 -9.14 10.00
5.93 -9.13 10.00
5.90 -9.12 10.00
5.88 -9.11 10.00
5.86 -9.10 10.00
5.84 -9.09 10.00
5.81 -9.08 10.00
5.79 -9.07 10.00
5.77 -9.06 10.00
5.75 -9.05 10.00
5.72 -9.04 10.00
5.70 -9.03 10.00
5.68 -9.02 10.00
5.66 -9.01 10.00
5.64 -9.00 10.00
5.61 -8.99 10.00
5.59 -8.98 10.00
5.57 -8.97 10.00
5.55 -8.95 10.00
5.53 -8.94 10.00
5.50 -8.93 10.00
5.48 -8.92 10.00
5.46 -8.91 10.00
5.44 -8.90 10.00
5.42 -8.89 10.00
5.39 -8.88 10.00
5.37 -8.87 10.00
5.35 -8.85 10.00
5.33 -8.84 10.00
5.31 -8.83 10.00
5.29 -8.82 10.00
5.26 -8.81 10.00
5.24 -8.80 10.00
5.22 -8.78 10.00
5.20 -8.77 10.00
5.18 -8.76 10.00
5.16 -8.75 10.00
5.14 -8.74 10.00
5.11 -8.72 10.00
5.09 -8.71 10.00
5.07 -8.70 10.00
5.05 -8.69 10.00
5.03 -8.68 10.00
5.01 -8.66 10.00
4.99 -8.65 10.00
4.96 -8.64 10.00
4.94 -8.63 10.00
4.92 -8.61 10.00
4.90 -8.60 10.00
4.88 -8.59 10.00
4.86 -8.58 10.00
4.84 -8.56 10.00
4.82 -8.55 10.00
4.80 -8.54 10.00
4.78 -8.53 10.00
4.75 -8.51 10.00
4.73 -8.50 10.00
4.71 -8.49 10.00
4.69 -8.47 10.00
4.67 -8.46 10.00
4.65 -8.45 10.00
4.63 -8.44 10.00
4.61 -8.42 10.00
4.59 -8.41 10.00
4.57 -8.40 10.00
4.55 -8.38 10.00
4.53 -8.37 10.00
4.51 -8.36 10.00
4.49 -8.34 10.00
4.46 -8.33 10.00
4.44 -8.31 10.00
4.42 -8.30 10.00
4.40 -8.29 10.00
4.38 -8.27 10.00
4.36 -8.26 10.00
4.34 -8.25 10.00
4.32 -8.23 10.00
4.30 -8.22 10.00
4.28 -8.20 10.00
4.26 -8.19 10.00
4.24 -8.18 10.00
4.22 -8.16 10.00
4.20 -8.15 10.00
4.18 -8.13 10.00
4.16 -8.12 10.00
4.14 -8.10 10.00
4.12 -8.09 10.00
4.10 -8.08 10.00
4.08 -8.06 10.00
4.06 -8.05 10.00
4.04 -8.03 10.00
4.02 -8.02 10.00
4.00 -8.00 10.00
3.98 -7.99 10.00
3.96 -7.97 10.00
3.94 -7.96 10.00
3.93 -7.94 10.00
3.91 -7.93 10.00
3.89 -7.91 10.00
3.87 -7.90 10.00
3.85 -7.88 10.00
3.83 -7.87 10.00
3.81 -7.85 10.00
3.79 -7.84 10.00
3.77 -7.82 10.00
3.75 -7.81 10.00
3.73 -7.79 10.00
3.71 -7.78 10.00
3.69 -7.76 10.00
3.68 -7.75 10.00
3.66 -7.73 10.00
3.64 -7.71 10.00
3.62 -7.70 10.00
3.60 -7.68 10.00
3.58 -7.67 10.00
3.56 -7.65 10.00
3.54 -7.64 10.00
3.52 -7.62 10.00
3.51 -7.60 10.00
3.49 -7.59 10.00
3.47 -7.57 10.00
3.45 -7.56 10.00
3.43 -7.54 10.00
3.41 -7.52 10.00
3.39 -7.51 10.00
3.38 -7.49 10.00
3.36 -7.48 10.00
3.34 -7.46 10.00
3.32 -7.44 10.00
3.30 -7.43 10.00
3.28 -7.41 10.00
3.27 -7.39 10.00
3.25 -7.38 10.00
3.23 -7.36 10.00
3.21 -7.34 10.00
3.19 -7.33 10.00
3.18 -7.31 10.00
3.16 -7.29 10.00
3.14 -7.28 10.00
3.12 -7.26 10.00
3.10 -7.24 10.00
3.09 -7.23 10.00
3.07 -7.21 10.00
3.05 -7.19 10.00
3.03 -7.17 10.00
3.02 -7.16 10.00
3.00 -7.14 10.00
2.98 -7.12 10.00
2.96 -7.11 10.00
2.95 -7.09 10.00
2.93 -7.07 10.00
2.91 -7.05 10.00
2.89 -7.04 10.00
2.88 -7.02 10.00
2.86 -7.00 10.00
2.84 -6.98 10.00
2.83 -6.97 10.00
2.81 -6.95 10.00
2.79 -6.93 10.00
2.77 -6.91 10.00
2.76 -6.90 10.00
2.74 -6.88 10.00
2.72 -6.86 10.00
2.71 -6.84 10.00
2.69 -6.82 10.00
2.67 -6.81 10.00
2.66 -6.79 10.00
2.64 -6.77 10.00
2.62 -6.75 10.00
2.61 -6.73 10.00
2.59 -6.72 10.00
2.57 -6.70 10.00
2.56 -6.68 10.00
2.54 -6.66 10.00
2.52 -6.64 10.00
2.51 -6.62 10.00
2.49 -6.61 10.00
2.48 -6.59 10.00
2.46 -6.57 10.00
2.44 -6.55 10.00
2.43 -6.53 10.00
2.41 -6.51 10.00
2.40 -6.49 10.00
2.38 -6.48 10.00
2.36 -6.46 10.00
2.35 -6.44 10.00
2.33 -6.42 10.00
2.32 -6.40 10.00
2.30 -6.38 10.00
2.29 -6.36 10.00
2.27 -6.34 10.00
2.25 -6.32 10.00
2.24 -6.31 10.00
2.22 -6.29 10.00
2.21 -6.27 10.00
2.19 -6.25 10.00
2.18 -6.23 10.00
2.16 -6.21 10.00
2.15 -6.19 10.00
2.13 -6.17 10.00
2.12 -6.15 10.00
2.10 -6.13 10.00
2.09 -6.11 10.00
2.07 -6.09 10.00
2.06 -6.07 10.00
2.04 -6.06 10.00
2.03 -6.04 10.00
2.01 -6.02 10.00
2.00 -6.00 10.00
1.98 -5.98 10.00
1.97 -5.96 10.00
1.95 -5.94 10.00
1.94 -5.92 10.00
1.92 -5.90 10.00
1.91 -5.88 10.00
1.90 -5.86 10.00
1.88 -5.84 10.00
1.87 -5.82 10.00
1.85 -5.80 10.00
1.84 -5.78 10.00
1.82 -5.76 10.00
1.81 -5.74 10.00
1.80 -5.72 10.00
1.78 -5.70 10.00
1.77 -5.68 10.00
1.75 -5.66 10.00
1.74 -5.64 10.00
1.73 -5.62 10.00
1.71 -5.60 10.00
1.70 -5.58 10.00
1.69 -5.56 10.00
1.67 -5.54 10.00
1.66 -5.51 10.00
1.64 -5.49 10.00
1.63 -5.47 10.00
1.62 -5.45 10.00
1.60 -5.43 10.00
1.59 -5.41 10.00
1.58 -5.39 10.00
1.56 -5.37 10.00
1.55 -5.35 10.00
1.54 -5.33 10.00
1.53 -5.31 10.00
1.51 -5.29 10.00
1.50 -5.27 10.00
1.49 -5.25 10.00
1.47 -5.22 10.00
1.46 -5.20 10.00
1.45 -5.18 10.00
1.44 -5.16 10.00
1.42 -5.14 10.00
1.41 -5.12 10.00
1.40 -5.10 10.00
1.39 -5.08 10.00
1.37 -5.06 10.00
1.36 -5.04 10.00
1.35 -5.01 10.00
1.34 -4.99 10.00
1.32 -4.97 10.00
1.31 -4.95 10.00
1.30 -4.93 10.00
1.29 -4.91 10.00
1.28 -4.89 10.00
1.26 -4.86 10.00
1.25 -4.84 10.00
1.24 -4.82 10.00
1.23 -4.80 10.00
1.22 -4.78 10.00
1.20 -4.76 10.00
1.19 -4.74 10.00
1.18 -4.71 10.00
1.17 -4.69 10.00
1.16 -4.67 10.00
1.15 -4.65 10.00
1.13 -4.63 10.00
1.12 -4.61 10.00
1.11 -4.58 10.00
1.10 -4.56 10.00
1.09 -4.54 10.00
1.08 -4.52 10.00
1.07 -4.50 10.00
1.06 -4.47 10.00
1.05 -4.45 10.00
1.03 -4.43 10.00
1.02 -4.41 10.00
1.01 -4.39 10.00
1.00 -4.36 10.00
0.99 -4.34 10.00
0.98 -4.32 10.00
0.97 -4.30 10.00
0.96 -4.28 10.00
0.95 -4.25 10.00
0.94 -4.23 10.00
0.93 -4.21 10.00
0.92 -4.19 10.00
0.91 -4.16 10.00
0.90 -4.14 10.00
0.89 -4.12 10.00
0.88 -4.10 10.00
0.87 -4.07 10.00
0.86 -4.05 10.00
0.85 -4.03 10.00
0.84 -4.01 10.00
0.83 -3.98 10.00
0.82 -3.96 10.00
0.81 -3.94 10.00
0.80 -3.92 10.00
0.79 -3.89 10.00
0.78 -3.87 10.00
0.77 -3.85 10.00
0.76 -3.83 10.00
0.75 -3.80 10.00
0.74 -3.78 10.00
0.73 -3.76 10.00
0.72 -3.74 10.00
0.71 -3.71 10.00
0.71 -3.69 10.00
0.70 -3.67 10.00
0.69 -3.64 10.00
0.68 -3.62 10.00
0.67 -3.60 10.00
0.66 -3.58 10.00
0.65 -3.55 10.00
0.64 -3.53 10.00
0.64 -3.51 10.00
0.63 -3.48 10.00
0.62 -3.46 10.00
0.61 -3.44 10.00
0.60 -3.42 10.00
0.59 -3.39 10.00
0.58 -3.37 10.00
0.58 -3.35 10.00
0.57 -3.32 10.00
0.56 -3.30 10.00
0.55 -3.28 10.00
0.54 -3.25 10.00
0.54 -3.23 10.00
0.53 -3.21 10.00
0.52 -3.18 10.00
0.51 -3.16 10.00
0.50 -3.14 10.00
0.50 -3.11 10.00
0.49 -3.09 10.00
0.48 -3.07 10.00
0.47 -3.04 10.00
0.47 -3.02 10.00
0.46 -3.00 10.00
0.45 -2.97 10.00
0.44 -2.95 10.00
0.44 -2.93 10.00
0.43 -2.90 10.00
0.42 -2.88 10.00
0.42 -2.86 10.00
0.41 -2.83 10.00
0.40 -2.81 10.00
0.40 -2.79 10.00
0.39 -2.76 10.00
0.38 -2.74 10.00
0.38 -2.71 10.00
0.37 -2.69 10.00
0.36 -2.67 10.00
0.36 -2.64 10.00
0.35 -2.62 10.00
0.34 -2.60 10.00
0.34 -2.57 10.00
0.33 -2.55 10.00
0.32 -2.52 10.00
0.32 -2.50 10.00
0.31 -2.48 10.00
0.31 -2.45 10.00
0.30 -2.43 10.00
0.29 -2.41 10.00
0.29 -2.38 10.00
0.28 -2.36 10.00
0.28 -2.33 10.00
0.27 -2.31 10.00
0.26 -2.29 10.00
0.26 -2.26 10.00
0.25 -2.24 10.00
0.25 -2.21 10.00
0.24 -2.19 10.00
0.24 -2.17 10.00
0.23 -2.14 10.00
0.23 -2.12 10.00
0.22 -2.10 10.00
0.22 -2.07 10.00
0.21 -2.05 10.00
0.21 -2.02 10.00
0.20 -2.00 10.00
0.20 -1.97 10.00
0.19 -1.95 10.00
0.19 -1.93 10.00
0.18 -1.90 10.00
0.18 -1.88 10.00
0.17 -1.85 10.00
0.17 -1.83 10.00
0.16 -1.81 10.00
0.16 -1.78 10.00
0.16 -1.76 10.00
0.15 -1.73 10.00
0.15 -1.71 10.00
0.14 -1.69 10.00
0.14 -1.66 10.00
0.13 -1.64 10.00
0.13 -1.61 10.00
0.13 -1.59 10.00
0.12 -1.56 10.00
0.12 -1.54 10.00
0.12 -1.52 10.00
0.11 -1.49 10.00
0.11 -1.47 10.00
0.10 -1.44 10.00
0.10 -1.42 10.00
0.10 -1.39 10.00
0.09 -1.37 10.00
0.09 -1.35 10.00
0.09 -1.32 10.00
0.08 -1.30 10.00
0.08 -1.27 10.00
0.08 -1.25 10.00
0.08 -1.22 10.00
0.07 -1.20 10.00
0.07 -1.18 10.00
0.07 -1.15 10.00
0.06 -1.13 10.00
0.06 -1.10 10.00
0.06 -1.08 10.00
0.06 -1.05 10.00
0.05 -1.03 10.00
0.05 -1.00 10.00
0.05 -0.98 10.00
0.05 -0.96 10.00
0.04 -0.93 10.00
0.04 -0.91 10.00
0.04 -0.88 10.00
0.04 -0.86 10.00
0.03 -0.83 10.00
0.03 -0.81 10.00
0.03 -0.78 10.00
0.03 -0.76 10.00
0.03 -0.74 10.00
0.03 -0.71 10.00
0.02 -0.69 10.00
0.02 -0.66 10.00
0.02 -0.64 10.00
0.02 -0.61 10.00
0.02 -0.59 10.00
0.02 -0.56 10.00
0.01 -0.54 10.00
0.01 -0.52 10.00
0.01 -0.49 10.00
0.01 -0.47 10.00
0.01 -0.44 10.00
0.01 -0.42 10.00
0.01 -0.39 10.00
0.01 -0.37 10.00
0.01 -0.34 10.00
0.01 -0.32 10.00
0.00 -0.29 10.00
0.00 -0.27 10.00
0.00 -0.25 10.00
0.00 -0.22 10.00
0.00 -0.20 10.00
0.00 -0.17 10.00
0.00 -0.15 10.00
0.00 -0.12 10.00
0.00 -0.10 10.00
0.00 -0.07 10.00
0.00 -0.05 10.00
0.00 -0.02 10.00
0.00 -0.00 10.00
