0.00 0.00 10.00
0.00 0.08 10.00
0.00 0.16 10.00
0.00 0.24 10.00
0.00 0.31 10.00
0.01 0.39 10.00
0.01 0.47 10.00
0.02 0.55 10.00
0.02 0.63 10.00
0.02 0.71 10.00
0.03 0.78 10.00
0.04 0.86 10.00
0.04 0.94 10.00
0.05 1.02 10.00
0.06 1.10 10.00
0.07 1.18 10.00
0.08 1.25 10.00
0.09 1.33 10.00
0.10 1.41 10.00
0.11 1.49 10.00
0.12 1.56 10.00
0.14 1.64 10.00
0.15 1.72 10.00
0.16 1.80 10.00
0.18 1.87 10.00
0.19 1.95 10.00
0.21 2.03 10.00
0.22 2.10 10.00
0.24 2.18 10.00
0.26 2.26 10.00
0.28 2.33 10.00
0.29 2.41 10.00
0.31 2.49 10.00
0.33 2.56 10.00
0.35 2.64 10.00
0.38 2.71 10.00
0.40 2.79 10.00
0.42 2.87 10.00
0.44 2.94 10.00
0.47 3.02 10.00
0.49 3.09 10.00
0.51 3.16 10.00
0.54 3.24 10.00
0.56 3.31 10.00
0.59 3.39 10.00
0.62 3.46 10.00
0.65 3.53 10.00
0.67 3.61 10.00
0.70 3.68 10.00
0.73 3.75 10.00
0.76 3.83 10.00
0.79 3.90 10.00
0.82 3.97 10.00
0.85 4.04 10.00
0.89 4.12 10.00
0.92 4.19 10.00
0.95 4.26 10.00
0.99 4.33 10.00
1.02 4.40 10.00
1.05 4.47 10.00
1.09 4.54 10.00
1.13 4.61 10.00
1.16 4.68 10.00
1.20 4.75 10.00
1.24 4.82 10.00
1.28 4.89 10.00
1.31 4.95 10.00
1.35 5.02 10.00
1.39 5.09 10.00
1.43 5.16 10.00
1.47 5.22 10.00
1.51 5.29 10.00
1.56 5.36 10.00
1.60 5.42 10.00
1.64 5.49 10.00
1.69 5.56 10.00
1.73 5.62 10.00
1.77 5.69 10.00
1.82 5.75 10.00
1.86 5.81 10.00
1.91 5.88 10.00
1.96 5.94 10.00
2.00 6.00 10.00
2.05 6.07 10.00
2.10 6.13 10.00
2.15 6.19 10.00
2.20 6.25 10.00
2.25 6.31 10.00
2.29 6.37 10.00
2.35 6.43 10.00
2.40 6.49 10.00
2.45 6.55 10.00
2.50 6.61 10.00
2.55 6.67 10.00
2.60 6.73 10.00
2.66 6.79 10.00
2.71 6.85 10.00
2.76 6.90 10.00
2.82 6.96 10.00
2.87 7.02 10.00
2.93 7.07 10.00
2.98 7.13 10.00
3.04 7.18 10.00
3.10 7.24 10.00
3.15 7.29 10.00
3.21 7.34 10.00
3.27 7.40 10.00
3.33 7.45 10.00
3.39 7.50 10.00
3.45 7.55 10.00
3.51 7.60 10.00
3.57 7.65 10.00
3.63 7.71 10.00
3.69 7.75 10.00
3.75 7.80 10.00
3.81 7.85 10.00
3.87 7.90 10.00
3.93 7.95 10.00
4.00 8.00 10.00
4.06 8.04 10.00
4.12 8.09 10.00
4.19 8.14 10.00
4.25 8.18 10.00
4.31 8.23 10.00
4.38 8.27 10.00
4.44 8.31 10.00
4.51 8.36 10.00
4.58 8.40 10.00
4.64 8.44 10.00
4.71 8.49 10.00
4.78 8.53 10.00
4.84 8.57 10.00
4.91 8.61 10.00
4.98 8.65 10.00
5.05 8.69 10.00
5.11 8.72 10.00
5.18 8.76 10.00
5.25 8.80 10.00
5.32 8.84 10.00
5.39 8.87 10.00
5.46 8.91 10.00
5.53 8.95 10.00
5.60 8.98 10.00
5.67 9.01 10.00
5.74 9.05 10.00
5.81 9.08 10.00
5.88 9.11 10.00
5.96 9.15 10.00
6.03 9.18 10.00
6.10 9.21 10.00
6.17 9.24 10.00
6.25 9.27 10.00
6.32 9.30 10.00
6.39 9.33 10.00
6.47 9.35 10.00
6.54 9.38 10.00
6.61 9.41 10.00
6.69 9.44 10.00
6.76 9.46 10.00
6.84 9.49 10.00
6.91 9.51 10.00
6.98 9.53 10.00
7.06 9.56 10.00
7.13 9.58 10.00
7.21 9.60 10.00
7.29 9.62 10.00
7.36 9.65 10.00
7.44 9.67 10.00
7.51 9.69 10.00
7.59 9.71 10.00
7.67 9.72 10.00
7.74 9.74 10.00
7.82 9.76 10.00
7.90 9.78 10.00
7.97 9.79 10.00
8.05 9.81 10.00
8.13 9.82 10.00
8.20 9.84 10.00
8.28 9.85 10.00
8.36 9.86 10.00
8.44 9.88 10.00
8.51 9.89 10.00
8.59 9.90 10.00
8.67 9.91 10.00
8.75 9.92 10.00
8.82 9.93 10.00
8.90 9.94 10.00
8.98 9.95 10.00
9.06 9.96 10.00
9.14 9.96 10.00
9.22 9.97 10.00
9.29 9.98 10.00
9.37 9.98 10.00
9.45 9.98 10.00
9.53 9.99 10.00
9.61 9.99 10.00
9.69 10.00 10.00
9.76 10.00 10.00
9.84 10.00 10.00
9.92 10.00 10.00
10.00 10.00 10.00
10.08 10.00 10.00
10.16 10.00 10.00
10.24 10.00 10.00
10.31 10.00 10.00
10.39 9.99 10.00
10.47 9.99 10.00
10.55 9.98 10.00
10.63 9.98 10.00
10.71 9.98 10.00
10.78 9.97 10.00
10.86 9.96 10.00
10.94 9.96 10.00
11.02 9.95 10.00
11.10 9.94 10.00
11.18 9.93 10.00
11.25 9.92 10.00
11.33 9.91 10.00
11.41 9.90 10.00
11.49 9.89 10.00
11.56 9.88 10.00
11.64 9.86 10.00
11.72 9.85 10.00
11.80 9.84 10.00
11.87 9.82 10.00
11.95 9.81 10.00
12.03 9.79 10.00
12.10 9.78 10.00
12.18 9.76 10.00
12.26 9.74 10.00
12.33 9.72 10.00
12.41 9.71 10.00
12.49 9.69 10.00
12.56 9.67 10.00
12.64 9.65 10.00
12.71 9.62 10.00
12.79 9.60 10.00
12.87 9.58 10.00
12.94 9.56 10.00
13.02 9.53 10.00
13.09 9.51 10.00
13.16 9.49 10.00
13.24 9.46 10.00
13.31 9.44 10.00
13.39 9.41 10.00
13.46 9.38 10.00
13.53 9.35 10.00
13.61 9.33 10.00
13.68 9.30 10.00
13.75 9.27 10.00
13.83 9.24 10.00
13.90 9.21 10.00
13.97 9.18 10.00
14.04 9.15 10.00
14.12 9.11 10.00
14.19 9.08 10.00
14.26 9.05 10.00
14.33 9.01 10.00
14.40 8.98 10.00
14.47 8.95 10.00
14.54 8.91 10.00
14.61 8.87 10.00
14.68 8.84 10.00
14.75 8.80 10.00
14.82 8.76 10.00
14.89 8.72 10.00
14.95 8.69 10.00
15.02 8.65 10.00
15.09 8.61 10.00
15.16 8.57 10.00
15.22 8.53 10.00
15.29 8.49 10.00
15.36 8.44 10.00
15.42 8.40 10.00
15.49 8.36 10.00
15.56 8.31 10.00
15.62 8.27 10.00
15.69 8.23 10.00
15.75 8.18 10.00
15.81 8.14 10.00
15.88 8.09 10.00
15.94 8.04 10.00
16.00 8.00 10.00
16.07 7.95 10.00
16.13 7.90 10.00
16.19 7.85 10.00
16.25 7.80 10.00
16.31 7.75 10.00
16.37 7.71 10.00
16.43 7.65 10.00
16.49 7.60 10.00
16.55 7.55 10.00
16.61 7.50 10.00
16.67 7.45 10.00
16.73 7.40 10.00
16.79 7.34 10.00
16.85 7.29 10.00
16.90 7.24 10.00
16.96 7.18 10.00
17.02 7.13 10.00
17.07 7.07 10.00
17.13 7.02 10.00
17.18 6.96 10.00
17.24 6.90 10.00
17.29 6.85 10.00
17.34 6.79 10.00
17.40 6.73 10.00
17.45 6.67 10.00
17.50 6.61 10.00
17.55 6.55 10.00
17.60 6.49 10.00
17.65 6.43 10.00
17.71 6.37 10.00
17.75 6.31 10.00
17.80 6.25 10.00
17.85 6.19 10.00
17.90 6.13 10.00
17.95 6.07 10.00
18.00 6.00 10.00
18.04 5.94 10.00
18.09 5.88 10.00
18.14 5.81 10.00
18.18 5.75 10.00
18.23 5.69 10.00
18.27 5.62 10.00
18.31 5.56 10.00
18.36 5.49 10.00
18.40 5.42 10.00
18.44 5.36 10.00
18.49 5.29 10.00
18.53 5.22 10.00
18.57 5.16 10.00
18.61 5.09 10.00
18.65 5.02 10.00
18.69 4.95 10.00
18.72 4.89 10.00
18.76 4.82 10.00
18.80 4.75 10.00
18.84 4.68 10.00
18.87 4.61 10.00
18.91 4.54 10.00
18.95 4.47 10.00
18.98 4.40 10.00
19.01 4.33 10.00
19.05 4.26 10.00
19.08 4.19 10.00
19.11 4.12 10.00
19.15 4.04 10.00
19.18 3.97 10.00
19.21 3.90 10.00
19.24 3.83 10.00
19.27 3.75 10.00
19.30 3.68 10.00
19.33 3.61 10.00
19.35 3.53 10.00
19.38 3.46 10.00
19.41 3.39 10.00
19.44 3.31 10.00
19.46 3.24 10.00
19.49 3.16 10.00
19.51 3.09 10.00
19.53 3.02 10.00
19.56 2.94 10.00
19.58 2.87 10.00
19.60 2.79 10.00
19.62 2.71 10.00
19.65 2.64 10.00
19.67 2.56 10.00
19.69 2.49 10.00
19.71 2.41 10.00
19.72 2.33 10.00
19.74 2.26 10.00
19.76 2.18 10.00
19.78 2.10 10.00
19.79 2.03 10.00
19.81 1.95 10.00
19.82 1.87 10.00
19.84 1.80 10.00
19.85 1.72 10.00
19.86 1.64 10.00
19.88 1.56 10.00
19.89 1.49 10.00
19.90 1.41 10.00
19.91 1.33 10.00
19.92 1.25 10.00
19.93 1.18 10.00
19.94 1.10 10.00
19.95 1.02 10.00
19.96 0.94 10.00
19.96 0.86 10.00
19.97 0.78 10.00
19.98 0.71 10.00
19.98 0.63 10.00
19.98 0.55 10.00
19.99 0.47 10.00
19.99 0.39 10.00
20.00 0.31 10.00
20.00 0.24 10.00
20.00 0.16 10.00
20.00 0.08 10.00
20.00 -0.00 10.00
20.00 -0.08 10.00
20.00 -0.16 10.00
20.00 -0.24 10.00
20.00 -0.31 10.00
19.99 -0.39 10.00
19.99 -0.47 10.00
19.98 -0.55 10.00
19.98 -0.63 10.00
19.98 -0.71 10.00
19.97 -0.78 10.00
19.96 -0.86 10.00
19.96 -0.94 10.00
19.95 -1.02 10.00
19.94 -1.10 10.00
19.93 -1.18 10.00
19.92 -1.25 10.00
19.91 -1.33 10.00
19.90 -1.41 10.00
19.89 -1.49 10.00
19.88 -1.56 10.00
19.86 -1.64 10.00
19.85 -1.72 10.00
19.84 -1.80 10.00
19.82 -1.87 10.00
19.81 -1.95 10.00
19.79 -2.03 10.00
19.78 -2.10 10.00
19.76 -2.18 10.00
19.74 -2.26 10.00
19.72 -2.33 10.00
19.71 -2.41 10.00
19.69 -2.49 10.00
19.67 -2.56 10.00
19.65 -2.64 10.00
19.62 -2.71 10.00
19.60 -2.79 10.00
19.58 -2.87 10.00
19.56 -2.94 10.00
19.53 -3.02 10.00
19.51 -3.09 10.00
19.49 -3.16 10.00
19.46 -3.24 10.00
19.44 -3.31 10.00
19.41 -3.39 10.00
19.38 -3.46 10.00
19.35 -3.53 10.00
19.33 -3.61 10.00
19.30 -3.68 10.00
19.27 -3.75 10.00
19.24 -3.83 10.00
19.21 -3.90 10.00
19.18 -3.97 10.00
19.15 -4.04 10.00
19.11 -4.12 10.00
19.08 -4.19 10.00
19.05 -4.26 10.00
19.01 -4.33 10.00
18.98 -4.40 10.00
18.95 -4.47 10.00
18.91 -4.54 10.00
18.87 -4.61 10.00
18.84 -4.68 10.00
18.80 -4.75 10.00
18.76 -4.82 10.00
18.72 -4.89 10.00
18.69 -4.95 10.00
18.65 -5.02 10.00
18.61 -5.09 10.00
18.57 -5.16 10.00
18.53 -5.22 10.00
18.49 -5.29 10.00
18.44 -5.36 10.00
18.40 -5.42 10.00
18.36 -5.49 10.00
18.31 -5.56 10.00
18.27 -5.62 10.00
18.23 -5.69 10.00
18.18 -5.75 10.00
18.14 -5.81 10.00
18.09 -5.88 10.00
18.04 -5.94 10.00
18.00 -6.00 10.00
17.95 -6.07 10.00
17.90 -6.13 10.00
17.85 -6.19 10.00
17.80 -6.25 10.00
17.75 -6.31 10.00
17.71 -6.37 10.00
17.65 -6.43 10.00
17.60 -6.49 10.00
17.55 -6.55 10.00
17.50 -6.61 10.00
17.45 -6.67 10.00
17.40 -6.73 10.00
17.34 -6.79 10.00
17.29 -6.85 10.00
17.24 -6.90 10.00
17.18 -6.96 10.00
17.13 -7.02 10.00
17.07 -7.07 10.00
17.02 -7.13 10.00
16.96 -7.18 10.00
16.90 -7.24 10.00
16.85 -7.29 10.00
16.79 -7.34 10.00
16.73 -7.40 10.00
16.67 -7.45 10.00
16.61 -7.50 10.00
16.55 -7.55 10.00
16.49 -7.60 10.00
16.43 -7.65 10.00
16.37 -7.71 10.00
16.31 -7.75 10.00
16.25 -7.80 10.00
16.19 -7.85 10.00
16.13 -7.90 10.00
16.07 -7.95 10.00
16.00 -8.00 10.00
15.94 -8.04 10.00
15.88 -8.09 10.00
15.81 -8.14 10.00
15.75 -8.18 10.00
15.69 -8.23 10.00
15.62 -8.27 10.00
15.56 -8.31 10.00
15.49 -8.36 10.00
15.42 -8.40 10.00
15.36 -8.44 10.00
15.29 -8.49 10.00
15.22 -8.53 10.00
15.16 -8.57 10.00
15.09 -8.61 10.00
15.02 -8.65 10.00
14.95 -8.69 10.00
14.89 -8.72 10.00
14.82 -8.76 10.00
14.75 -8.80 10.00
14.68 -8.84 10.00
14.61 -8.87 10.00
14.54 -8.91 10.00
14.47 -8.95 10.00
14.40 -8.98 10.00
14.33 -9.01 10.00
14.26 -9.05 10.00
14.19 -9.08 10.00
14.12 -9.11 10.00
14.04 -9.15 10.00
13.97 -9.18 10.00
13.90 -9.21 10.00
13.83 -9.24 10.00
13.75 -9.27 10.00
13.68 -9.30 10.00
13.61 -9.33 10.00
13.53 -9.35 10.00
13.46 -9.38 10.00
13.39 -9.41 10.00
13.31 -9.44 10.00
13.24 -9.46 10.00
13.16 -9.49 10.00
13.09 -9.51 10.00
13.02 -9.53 10.00
12.94 -9.56 10.00
12.87 -9.58 10.00
12.79 -9.60 10.00
12.71 -9.62 10.00
12.64 -9.65 10.00
12.56 -9.67 10.00
12.49 -9.69 10.00
12.41 -9.71 10.00
12.33 -9.72 10.00
12.26 -9.74 10.00
12.18 -9.76 10.00
12.10 -9.78 10.00
12.03 -9.79 10.00
11.95 -9.81 10.00
11.87 -9.82 10.00
11.80 -9.84 10.00
11.72 -9.85 10.00
11.64 -9.86 10.00
11.56 -9.88 10.00
11.49 -9.89 10.00
11.41 -9.90 10.00
11.33 -9.91 10.00
11.25 -9.92 10.00
11.18 -9.93 10.00
11.10 -9.94 10.00
11.02 -9.95 10.00
10.94 -9.96 10.00
10.86 -9.96 10.00
10.78 -9.97 10.00
10.71 -9.98 10.00
10.63 -9.98 10.00
10.55 -9.98 10.00
10.47 -9.99 10.00
10.39 -9.99 10.00
10.31 -10.00 10.00
10.24 -10.00 10.00
10.16 -10.00 10.00
10.08 -10.00 10.00
10.00 -10.00 10.00
9.92 -10.00 10.00
9.84 -10.00 10.00
9.76 -10.00 10.00
9.69 -10.00 10.00
9.61 -9.99 10.00
9.53 -9.99 10.00
9.45 -9.98 10.00
9.37 -9.98 10.00
9.29 -9.98 10.00
9.22 -9.97 10.00
9.14 -9.96 10.00
9.06 -9.96 10.00
8.98 -9.95 10.00
8.90 -9.94 10.00
8.82 -9.93 10.00
8.75 -9.92 10.00
8.67 -9.91 10.00
8.59 -9.90 10.00
8.51 -9.89 10.00
8.44 -9.88 10.00
8.36 -9.86 10.00
8.28 -9.85 10.00
8.20 -9.84 10.00
8.13 -9.82 10.00
8.05 -9.81 10.00
7.97 -9.79 10.00
7.90 -9.78 10.00
7.82 -9.76 10.00
7.74 -9.74 10.00
7.67 -9.72 10.00
7.59 -9.71 10.00
7.51 -9.69 10.00
7.44 -9.67 10.00
7.36 -9.65 10.00
7.29 -9.62 10.00
7.21 -9.60 10.00
7.13 -9.58 10.00
7.06 -9.56 10.00
6.98 -9.53 10.00
6.91 -9.51 10.00
6.84 -9.49 10.00
6.76 -9.46 10.00
6.69 -9.44 10.00
6.61 -9.41 10.00
6.54 -9.38 10.00
6.47 -9.35 10.00
6.39 -9.33 10.00
6.32 -9.30 10.00
6.25 -9.27 10.00
6.17 -9.24 10.00
6.10 -9.21 10.00
6.03 -9.18 10.00
5.96 -9.15 10.00
5.88 -9.11 10.00
5.81 -9.08 10.00
5.74 -9.05 10.00
5.67 -9.01 10.00
5.60 -8.98 10.00
5.53 -8.95 10.00
5.46 -8.91 10.00
5.39 -8.87 10.00
5.32 -8.84 10.00
5.25 -8.80 10.00
5.18 -8.76 10.00
5.11 -8.72 10.00
5.05 -8.69 10.00
4.98 -8.65 10.00
4.91 -8.61 10.00
4.84 -8.57 10.00
4.78 -8.53 10.00
4.71 -8.49 10.00
4.64 -8.44 10.00
4.58 -8.40 10.00
4.51 -8.36 10.00
4.44 -8.31 10.00
4.38 -8.27 10.00
4.31 -8.23 10.00
4.25 -8.18 10.00
4.19 -8.14 10.00
4.12 -8.09 10.00
4.06 -8.04 10.00
4.00 -8.00 10.00
3.93 -7.95 10.00
3.87 -7.90 10.00
3.81 -7.85 10.00
3.75 -7.80 10.00
3.69 -7.75 10.00
3.63 -7.71 10.00
3.57 -7.65 10.00
3.51 -7.60 10.00
3.45 -7.55 10.00
3.39 -7.50 10.00
3.33 -7.45 10.00
3.27 -7.40 10.00
3.21 -7.34 10.00
3.15 -7.29 10.00
3.10 -7.24 10.00
3.04 -7.18 10.00
2.98 -7.13 10.00
2.93 -7.07 10.00
2.87 -7.02 10.00
2.82 -6.96 10.00
2.76 -6.90 10.00
2.71 -6.85 10.00
2.66 -6.79 10.00
2.60 -6.73 10.00
2.55 -6.67 10.00
2.50 -6.61 10.00
2.45 -6.55 10.00
2.40 -6.49 10.00
2.35 -6.43 10.00
2.29 -6.37 10.00
2.25 -6.31 10.00
2.20 -6.25 10.00
2.15 -6.19 10.00
2.10 -6.13 10.00
2.05 -6.07 10.00
2.00 -6.00 10.00
1.96 -5.94 10.00
1.91 -5.88 10.00
1.86 -5.81 10.00
1.82 -5.75 10.00
1.77 -5.69 10.00
1.73 -5.62 10.00
1.69 -5.56 10.00
1.64 -5.49 10.00
1.60 -5.42 10.00
1.56 -5.36 10.00
1.51 -5.29 10.00
1.47 -5.22 10.00
1.43 -5.16 10.00
1.39 -5.09 10.00
1.35 -5.02 10.00
1.31 -4.95 10.00
1.28 -4.89 10.00
1.24 -4.82 10.00
1.20 -4.75 10.00
1.16 -4.68 10.00
1.13 -4.61 10.00
1.09 -4.54 10.00
1.05 -4.47 10.00
1.02 -4.40 10.00
0.99 -4.33 10.00
0.95 -4.26 10.00
0.92 -4.19 10.00
0.89 -4.12 10.00
0.85 -4.04 10.00
0.82 -3.97 10.00
0.79 -3.90 10.00
0.76 -3.83 10.00
0.73 -3.75 10.00
0.70 -3.68 10.00
0.67 -3.61 10.00
0.65 -3.53 10.00
0.62 -3.46 10.00
0.59 -3.39 10.00
0.56 -3.31 10.00
0.54 -3.24 10.00
0.51 -3.16 10.00
0.49 -3.09 10.00
0.47 -3.02 10.00
0.44 -2.94 10.00
0.42 -2.87 10.00
0.40 -2.79 10.00
0.38 -2.71 10.00
0.35 -2.64 10.00
0.33 -2.56 10.00
0.31 -2.49 10.00
0.29 -2.41 10.00
0.28 -2.33 10.00
0.26 -2.26 10.00
0.24 -2.18 10.00
0.22 -2.10 10.00
0.21 -2.03 10.00
0.19 -1.95 10.00
0.18 -1.87 10.00
0.16 -1.80 10.00
0.15 -1.72 10.00
0.14 -1.64 10.00
0.12 -1.56 10.00
0.11 -1.49 10.00
0.10 -1.41 10.00
0.09 -1.33 10.00
0.08 -1.25 10.00
0.07 -1.18 10.00
0.06 -1.10 10.00
0.05 -1.02 10.00
0.04 -0.94 10.00
0.04 -0.86 10.00
0.03 -0.78 10.00
0.02 -0.71 10.00
0.02 -0.63 10.00
0.02 -0.55 10.00
0.01 -0.47 10.00
0.01 -0.39 10.00
0.00 -0.31 10.00
0.00 -0.24 10.00
0.00 -0.16 10.00
0.00 -0.08 10.00
0.00 0.00 10.00
