-465.4900 454.6100
-467.9135 430.2681
-464.7352 406.5438
-459.8109 383.9311
-452.2551 362.0363
-439.3943 342.5425
-427.8049 323.0376
-416.6143 304.0919
-406.1883 285.6733
-396.1779 267.8379
-385.0889 251.3205
-373.7537 235.6677
-361.9530 220.8972
-350.0571 206.7293
-338.6063 192.8837
-327.5622 179.5058
-316.4297 166.8665
-305.5751 154.6172
-294.6776 143.0720
-284.0993 131.8806
-273.7424 121.0745
-263.7326 110.4402
-253.4894 100.4623
-242.1627 92.1754
-230.8591 84.3075
-219.8513 76.5922
-208.0187 70.6629
-195.8401 65.9326
-183.6738 61.9612
-171.4262 59.1673
-159.5626 55.8548
-147.8536 52.8238
-136.2835 50.0108
-124.6710 48.9731
