-190.2900 257.2500
-212.8128 266.7086
-236.4406 270.1832
-259.4053 267.7814
-280.5857 259.9645
-299.0878 247.3507
-313.6763 231.0938
-323.4467 212.3801
-328.0834 192.5344
-327.6842 173.0113
-323.2255 154.7985
-314.8680 138.8287
-303.2600 125.9583
-289.4233 116.6127
-275.0717 109.2800
-260.9755 102.6651
-247.3206 96.3309
-234.0895 90.2251
-221.2638 84.3099
-208.7237 78.7325
-196.3643 73.2890
-183.9829 68.4197
-171.8984 63.7403
-159.9499 59.6763
-148.2795 55.8008
-136.8073 52.3412
-125.6043 49.0420
