Waypoints Mission
7
-22.00593333333333;-47.89870833333333;0.000000000000000
-22.00613771328448;-47.89869416778621;0.000000000000000
-22.00613718075754;-47.89853352019488;0.000000000000000
-22.00593202901729;-47.89854722794240;0.000000000000000
-22.00593177321465;-47.89838240516396;0.000000000000000
-22.00613740758917;-47.89838030751610;0.000000000000000
-22.00593443657346;-47.89870859478810;0.000000000000000
Waypoints Buzzer
7
-22.00593333333333;-47.89870833333333;0.000000000000000
-22.00613771328448;-47.89869416778621;0.000000000000000
-22.00613718075754;-47.89853352019488;0.000000000000000
-22.00593202901729;-47.89854722794240;0.000000000000000
-22.00593177321465;-47.89838240516396;0.000000000000000
-22.00613740758917;-47.89838030751610;0.000000000000000
-22.00593443657346;-47.89870859478810;0.000000000000000
Waypoints Camera Picture
0
Waypoints Camera Video
0
Waypoints Camera Photo In Sequence
0
Waypoints Spraying
0
