0.0000 -50.0000
-0.0000 -70.1063
-1.6544 -89.3433
-9.2620 -106.3436
-21.2092 -119.9887
-32.9788 -133.2320
-47.1231 -143.1330
-60.9297 -152.7975
-75.2779 -160.6395
-89.7409 -166.8100
-103.7155 -172.7578
-117.8182 -177.0698
-131.5381 -181.2648
-145.5133 -180.9704
-158.1516 -176.0634
-166.6221 -166.0539
-171.3658 -154.2235
-174.5769 -142.1445
-175.1582 -129.8692
-174.3922 -117.8898
-169.9919 -106.9994
-165.6794 -96.3264
-158.2254 -87.9368
-150.3169 -80.3757
-140.5820 -75.8689
-131.0222 -71.4432
-120.7394 -70.6227
