QGC WPL 110						
0	0	3	177	6	-1	0	0	-21.96483409231673	-47.86507398163257	80.0	1
1	0	3	177	6	-1	0	0	-21.96483409231673	-47.86507398163257	80.0	1
2	0	3	177	6	-1	0	0	-21.96483409231673	-47.86507398163257	80.0	1
3	0	3	177	6	-1	0	0	-21.96483409231673	-47.86507398163257	80.0	1
4	0	3	177	6	-1	0	0	-21.96483409231673	-47.86507398163257	80.0	1
0	0	3	16	0	0	0	0	-21.96483409231673	-47.86507398163257	80.0	1
1	0	3	16	0	0	0	0	-21.964920996340087	-47.86486043672377	76.6	1
2	0	3	16	0	0	0	0	-21.96503933478658	-47.864678585642004	73.2	1
3	0	3	16	0	0	0	0	-21.96516038350051	-47.86451215236724	69.8	1
4	0	3	16	0	0	0	0	-21.965276249232893	-47.864352841485825	66.4	1
5	0	3	16	0	0	0	0	-21.965390136254094	-47.86420071789649	63.0	1
6	0	3	16	0	0	0	0	-21.965502624950066	-47.864056530356194	59.5	1
7	0	3	16	0	0	0	0	-21.965610476857165	-47.86391826991027	56.1	1
8	0	3	16	0	0	0	0	-21.965714312853393	-47.86378507059656	52.7	1
9	0	3	16	0	0	0	0	-21.96581516233647	-47.86365725787737	49.3	1
10	0	3	16	0	0	0	0	-21.965912293750147	-47.8635341701731	45.9	1
11	0	3	16	0	0	0	0	-21.966005956345448	-47.863415451993696	42.5	1
12	0	3	16	0	0	0	0	-21.966096393974453	-47.863300819528305	39.1	1
13	0	3	16	0	0	0	0	-21.966183803698442	-47.86318997153059	35.7	1
14	0	3	16	0	0	0	0	-21.966268410473212	-47.86308269102568	32.3	1
15	0	3	16	0	0	0	0	-21.966350358270468	-47.86297872035596	28.9	1
16	0	3	16	0	0	0	0	-21.966429839652378	-47.862877883229345	25.5	1
17	0	3	16	0	0	0	0	-21.96650699769082	-47.86277998688693	22.0	1
18	0	3	16	0	0	0	0	-21.96657882157743	-47.86268207407767	18.6	1
19	0	3	16	0	0	0	0	-21.96664865415533	-47.86258679886899	15.2	1
20	0	3	16	0	0	0	0	-21.966714997218915	-47.86249268990016	11.8	1
21	0	3	16	0	0	0	0	-21.96677431896219	-47.862396754080535	8.4		1
22	0	3	16	0	0	0	0	-21.966828176079268	-47.862300310694735	5.0		1
