QGC WPL 110											
0	1	0	16	0	0	0	0	-22.005640526891543	-47.93247463788215	888	1
1	0	3	22	15	0	0	0	-22.005641516697043	-47.93244789682644	10	1
2	0	3	16	0	0	0	0	-22.005637377510396	-47.9323676736593	20	1
3	0	3	16	0	0	0	0	-22.005613082284405	-47.93223387149285	30	1
4	0	3	16	0	0	0	0	-22.005552974095664	-47.93204658721496	40	1
5	0	3	16	1	0	0	0	-22.005446345048274	-47.931808921237916	50	1
6	0	3	16	0	0	0	0	-22.005290045761082	-47.93155672207841	60	1
7	0	3	16	0	0	0	0	-22.005084076234095	-47.93134056521139	70	1
8	0	3	16	0	0	0	0	-22.00482834648499	-47.93117779356791	80	1
9	0	3	16	0	0	0	0	-22.00456415839795	-47.93106860092375	80	1
10	0	3	16	0	0	0	0	-22.004341002248132	-47.930991187505214	80	1
11	0	3	16	0	0	0	0	-22.004167516338114	-47.93089187742512	80	1
12	0	3	16	0	0	0	0	-22.004015446219892	-47.93078762606299	80	1
13	0	3	16	0	0	0	0	-22.00384861900144	-47.930710503308106	80	1
14	0	3	16	0	0	0	0	-22.003673783356646	-47.93064742929626	80	1
15	0	3	16	0	0	0	0	-22.003497957906347	-47.93058580860266	80	1
16	0	3	16	0	0	0	0	-22.00332744141284	-47.930513627129805	80	1
17	0	3	16	0	0	0	0	-22.00315512527296	-47.93042952844734	80	1
18	0	3	16	0	0	0	0	-22.002983169062354	-47.93034446088605	80	1
19	0	3	16	0	0	0	0	-22.00281121285175	-47.93025949021264	80	1
20	0	3	16	0	0	0	0	-22.002639256641146	-47.93017451953923	80	1
21	0	3	16	0	0	0	0	-22.002467210448224	-47.930089451977935	80	1
22	0	3	16	0	0	0	0	-22.00229525423762	-47.93000448130453	80	1
23	0	3	16	0	0	0	0	-22.002123298027012	-47.929919510631116	80	1
24	0	3	16	0	0	0	0	-22.001951341816408	-47.92983453995771	80	1
25	0	3	16	0	0	0	0	-22.001779385605804	-47.929749472396416	80	1
26	0	3	16	0	0	0	0	-22.00160733941288	-47.929664501723	80	1
27	0	3	16	0	0	0	0	-22.001435383202278	-47.9295795310496	80	1
28	0	3	16	0	0	0	0	-22.00126342699167	-47.929494463488304	80	1
29	0	3	16	0	0	0	0	-22.001091470781066	-47.92940949281489	80	1
30	0	3	16	0	0	0	0	-22.000919514570462	-47.929324522141485	80	1
31	0	3	16	0	0	0	0	-22.000747288412903	-47.9292399390196	80	1
32	0	3	16	0	0	0	0	-22.000576142043165	-47.92914663598825	80	1
33	0	3	16	0	0	0	0	-22.00040184629228	-47.92903385849242	80	1
34	0	3	16	0	0	0	0	-22.000225390965753	-47.92890519138377	80	1
35	0	3	16	0	0	0	0	-22.00004731595749	-47.92876480084127	80	1
36	0	3	16	0	0	0	0	-21.999867711249816	-47.9286162717166	80	1
37	0	3	16	0	0	0	0	-21.999687386683593	-47.92846280130989	80	1
38	0	3	16	0	0	0	0	-21.99950706211737	-47.92830778069706	80	1
39	0	3	16	0	0	0	0	-21.999326737551147	-47.9281551822813	80	1
40	0	3	16	0	0	0	0	-21.99914722282579	-47.9280090753537	80	1
41	0	3	16	0	0	0	0	-21.99896914781753	-47.92787275410229	80	1
42	0	3	16	0	0	0	0	-21.998792602508683	-47.92774931893932	80	1
43	0	3	16	0	0	0	0	-21.9986183067578	-47.92764303293165	80	1
44	0	3	16	0	0	0	0	-21.998447070405742	-47.92755777159459	80	1
45	0	3	16	0	0	0	0	-21.99827952332874	-47.92749682911617	80	1
46	0	3	16	0	0	0	0	-21.998116565349985	-47.92746349968441	80	1
47	0	3	16	0	0	0	0	-21.997958016504832	-47.92746117437522	80	1
48	0	3	16	0	0	0	0	-21.997804866598788	-47.92749392247968	80	1
49	0	3	16	0	0	0	0	-21.997657655525764	-47.92756561951312	80	1
50	0	3	16	0	0	0	0	-21.99751701316199	-47.927679559663545	80	1
51	0	3	16	0	0	0	0	-21.997394997138137	-47.92781781867262	80	1
52	0	3	16	0	0	0	0	-21.997295116764633	-47.927967704227655	80	1
53	0	3	16	0	0	0	0	-21.997215932324373	-47.92812853811347	80	1
54	0	3	16	0	0	0	0	-21.99715591411795	-47.92829944833912	80	1
55	0	3	16	0	0	0	0	-21.997113802392906	-47.92847888469847	80	1
56	0	3	16	0	0	0	0	-21.997088607343734	-47.928666168976356	80	1
57	0	3	16	0	0	0	0	-21.997079699094204	-47.92886033229393	80	1
58	0	3	16	0	0	0	0	-21.997085727909543	-47.92906069643602	80	1
59	0	3	16	0	0	0	0	-21.99710534405497	-47.929266486299554	80	1
60	0	3	16	0	0	0	0	-21.99713710781339	-47.92947605479053	80	1
61	0	3	16	0	0	0	0	-21.997179489485394	-47.92968862680588	80	1
62	0	3	16	0	0	0	0	-21.997231229318515	-47.929903621018305	80	1
63	0	3	16	0	0	0	0	-21.997291427489575	-47.930119293445905	80	1
64	0	3	16	0	0	0	0	-21.997359544104658	-47.930335062761394	80	1
65	0	3	16	0	0	0	0	-21.997434049464356	-47.93054996008593	80	1
66	0	3	16	0	0	0	0	-21.997513593833887	-47.930762628989164	80	1
67	0	3	16	0	0	0	0	-21.997596647513838	-47.930972197480145	80	1
68	0	3	16	0	0	0	0	-21.997681860769436	-47.9311778904558	80	1
69	0	3	16	0	0	0	0	-21.99776779388358	-47.93137825459789	80	1
70	0	3	16	0	0	0	0	-21.99785372699772	-47.93157251480334	80	1
71	0	3	16	0	0	0	0	-21.997939030235635	-47.93175979908122	80	1
72	0	3	16	0	0	0	0	-21.998022173897905	-47.93193865411328	80	1
73	0	3	16	0	0	0	0	-21.998112246198698	-47.93210888612375	80	1
74	0	3	16	0	0	0	0	-21.998218605299133	-47.93227088266416	80	1
75	0	3	16	0	0	0	0	-21.998338911658934	-47.932422802864735	80	1
76	0	3	16	0	0	0	0	-21.998470645773182	-47.932563387183	80	1
77	0	3	16	0	0	0	0	-21.99861164806623	-47.93269166674012	80	1
78	0	3	16	0	0	0	0	-21.99876038883867	-47.93280851352704	80	1
79	0	3	16	0	0	0	0	-21.998916328196586	-47.93291538086202	80	1
80	0	3	16	0	0	0	0	-21.999078656299112	-47.93301381895117	80	1
81	0	3	16	0	0	0	0	-21.999245933429158	-47.933105378000626	80	1
82	0	3	16	0	0	0	0	-21.99941680985194	-47.93319083311345	80	1
83	0	3	16	0	0	0	0	-21.999589755868048	-47.93327086250482	80	1
84	0	3	16	0	0	0	0	-21.99976351172502	-47.93334711326876	80	1
85	0	3	16	0	0	0	0	-21.99993645774113	-47.93342103872351	80	1
86	0	3	16	0	0	0	0	-22.000107964040144	-47.9334940921873	80	1
87	0	3	16	0	0	0	0	-22.00027731076351	-47.933567048763216	80	1
88	0	3	16	0	0	0	0	-22.00045079667353	-47.93364465595752	80	1
89	0	3	16	0	0	0	0	-22.000627971858606	-47.93372778576115	80	1
90	0	3	16	0	0	0	0	-22.000807396601644	-47.93381498485587	80	1
91	0	3	16	0	0	0	0	-22.000988531008733	-47.93390450925978	80	1
92	0	3	16	0	0	0	0	-22.001170295292052	-47.933994033663694	80	1
93	0	3	16	0	0	0	0	-22.001352149557686	-47.93408171719783	80	1
94	0	3	16	0	0	0	0	-22.001533193982457	-47.93416659098335	80	1
95	0	3	16	0	0	0	0	-22.001712798690132	-47.93424836435663	80	1
96	0	3	16	0	0	0	0	-22.001891413592304	-47.93432616532669	80	1
97	0	3	16	0	0	0	0	-22.00206975854752	-47.93439912190261	80	1
98	0	3	16	0	0	0	0	-22.00224801352042	-47.934467330972254	80	1
99	0	3	16	0	0	0	0	-22.002426358475635	-47.93452992054468	80	1
100	0	3	16	0	0	0	0	-22.002604613448533	-47.93458621240472	80	1
101	0	3	16	0	0	0	0	-22.00278295840375	-47.93463601277659	80	1
102	0	3	16	0	0	0	0	-22.002961213376647	-47.934678740333005	80	1
103	0	3	16	0	0	0	0	-22.003139558331863	-47.93471352308301	80	1
104	0	3	16	0	0	0	0	-22.00331781330476	-47.934740264138725	80	1
105	0	3	16	0	0	0	0	-22.003496158259978	-47.934758575948614	80	1
106	0	3	16	0	0	0	0	-22.003674413232876	-47.9347677802975	80	1
107	0	3	16	0	0	0	0	-22.003852758188092	-47.93476739274597	80	1
108	0	3	16	0	0	0	0	-22.00403110314331	-47.934757413294015	80	1
109	0	3	16	0	0	0	0	-22.00421034792171	-47.93473716372647	80	1
110	0	3	16	0	0	0	0	-22.004391032417207	-47.93470567516449	80	1
111	0	3	16	0	0	0	0	-22.004578375604268	-47.93467583369652	80	1
112	0	3	16	0	0	0	0	-22.004774627040863	-47.93465655300779	80	1
113	0	3	16	0	0	0	0	-22.00497357794701	-47.93463959762826	80	1
114	0	3	16	0	0	0	0	-22.00516874959578	-47.93461702275152	80	1
115	0	3	16	0	0	0	0	-22.005353483295607	-47.93458010846809	80	1
116	0	3	16	0	0	0	0	-22.005521210337246	-47.9345201348685	80	1
117	0	3	16	0	0	0	0	-22.005665182046805	-47.93442906025846	80	1
118	0	3	16	0	0	0	0	-22.005779639555904	-47.934298455392145	80	1
119	0	3	16	0	0	0	0	-22.00585819411993	-47.93412047235103	80	1
120	0	3	16	0	0	0	0	-22.005898056287016	-47.93389452980783	80	1
121	0	3	16	0	0	0	0	-22.00590309529685	-47.93363525783287	80	1
122	0	3	16	0	0	0	0	-22.005881409558096	-47.93336474686347	70	1
123	0	3	16	0	0	0	0	-22.00584127744406	-47.933105378000626	60	1
124	0	3	16	0	0	0	0	-22.005790797363392	-47.932879338569535	50	1
125	0	3	16	0	0	0	0	-22.005738067724767	-47.93270077420112	40	1
126	0	3	16	0	0	0	0	-22.005690647042933	-47.93257326974707	30	1
127	0	3	16	0	0	0	0	-22.00565663372655	-47.932496728319485	20	1
128	0	3	16	0	0	0	0	-22.00564403620196	-47.93247124680625	10	1
