0.00 0.00 10.00
0.03 0.78 10.00
0.12 1.56 10.00
0.28 2.33 10.00
0.49 3.09 10.00
0.76 3.83 10.00
1.09 4.54 10.00
1.47 5.22 10.00
1.91 5.88 10.00
2.40 6.49 10.00
2.93 7.07 10.00
3.51 7.60 10.00
4.12 8.09 10.00
4.78 8.53 10.00
5.46 8.91 10.00
6.17 9.24 10.00
6.91 9.51 10.00
7.67 9.72 10.00
8.44 9.88 10.00
9.22 9.97 10.00
10.00 10.00 10.00
10.78 9.97 10.00
11.56 9.88 10.00
12.33 9.72 10.00
13.09 9.51 10.00
13.83 9.24 10.00
14.54 8.91 10.00
15.22 8.53 10.00
15.88 8.09 10.00
16.49 7.60 10.00
17.07 7.07 10.00
17.60 6.49 10.00
18.09 5.88 10.00
18.53 5.22 10.00
18.91 4.54 10.00
19.24 3.83 10.00
19.51 3.09 10.00
19.72 2.33 10.00
19.88 1.56 10.00
19.97 0.78 10.00
20.00 0.00 10.00
19.97 -0.78 10.00
19.88 -1.56 10.00
19.72 -2.33 10.00
19.51 -3.09 10.00
19.24 -3.83 10.00
18.91 -4.54 10.00
18.53 -5.22 10.00
18.09 -5.88 10.00
17.60 -6.49 10.00
17.07 -7.07 10.00
16.49 -7.60 10.00
15.88 -8.09 10.00
15.22 -8.53 10.00
14.54 -8.91 10.00
13.83 -9.24 10.00
13.09 -9.51 10.00
12.33 -9.72 10.00
11.56 -9.88 10.00
10.78 -9.97 10.00
10.00 -10.00 10.00
9.22 -9.97 10.00
8.44 -9.88 10.00
7.67 -9.72 10.00
6.91 -9.51 10.00
6.17 -9.24 10.00
5.46 -8.91 10.00
4.78 -8.53 10.00
4.12 -8.09 10.00
3.51 -7.60 10.00
2.93 -7.07 10.00
2.40 -6.49 10.00
1.91 -5.88 10.00
1.47 -5.22 10.00
1.09 -4.54 10.00
0.76 -3.83 10.00
0.49 -3.09 10.00
0.28 -2.33 10.00
0.12 -1.56 10.00
0.03 -0.78 10.00
0.00 -0.00 10.00
