0.00 0.00 10.00
0.00 1.25 10.00
0.00 2.50 10.00
0.00 3.75 10.00
0.00 5.00 10.00
0.00 6.25 10.00
0.00 7.50 10.00
0.00 8.75 10.00
0.00 10.00 10.00
0.00 11.25 10.00
0.00 12.50 10.00
0.00 13.75 10.00
0.00 15.00 10.00
0.00 16.25 10.00
0.00 17.50 10.00
0.00 18.75 10.00
0.00 20.00 10.00
1.08 19.38 10.00
2.17 18.75 10.00
3.25 18.12 10.00
4.33 17.50 10.00
5.41 16.88 10.00
6.50 16.25 10.00
7.58 15.62 10.00
8.66 15.00 10.00
9.74 14.38 10.00
10.83 13.75 10.00
11.91 13.12 10.00
12.99 12.50 10.00
14.07 11.88 10.00
15.16 11.25 10.00
16.24 10.62 10.00
17.32 10.00 10.00
16.24 9.38 10.00
15.16 8.75 10.00
14.07 8.12 10.00
12.99 7.50 10.00
11.91 6.88 10.00
10.83 6.25 10.00
9.74 5.62 10.00
8.66 5.00 10.00
7.58 4.38 10.00
6.50 3.75 10.00
5.41 3.12 10.00
4.33 2.50 10.00
3.25 1.88 10.00
2.17 1.25 10.00
1.08 0.63 10.00
0.00 0.00 10.00
