0.00 0.00 10.00
0.00 0.10 10.00
0.00 0.20 10.00
0.00 0.29 10.00
0.01 0.39 10.00
0.01 0.49 10.00
0.02 0.59 10.00
0.02 0.69 10.00
0.03 0.78 10.00
0.04 0.88 10.00
0.05 0.98 10.00
0.06 1.08 10.00
0.07 1.18 10.00
0.08 1.27 10.00
0.09 1.37 10.00
0.11 1.47 10.00
0.12 1.56 10.00
0.14 1.66 10.00
0.16 1.76 10.00
0.17 1.85 10.00
0.19 1.95 10.00
0.21 2.05 10.00
0.23 2.14 10.00
0.25 2.24 10.00
0.28 2.33 10.00
0.30 2.43 10.00
0.32 2.52 10.00
0.35 2.62 10.00
0.38 2.71 10.00
0.40 2.81 10.00
0.43 2.90 10.00
0.46 3.00 10.00
0.49 3.09 10.00
0.52 3.18 10.00
0.55 3.28 10.00
0.58 3.37 10.00
0.62 3.46 10.00
0.65 3.55 10.00
0.69 3.64 10.00
0.72 3.74 10.00
0.76 3.83 10.00
0.80 3.92 10.00
0.84 4.01 10.00
0.88 4.10 10.00
0.92 4.19 10.00
0.96 4.28 10.00
1.00 4.36 10.00
1.05 4.45 10.00
1.09 4.54 10.00
1.13 4.63 10.00
1.18 4.71 10.00
1.23 4.80 10.00
1.28 4.89 10.00
1.32 4.97 10.00
1.37 5.06 10.00
1.42 5.14 10.00
1.47 5.22 10.00
1.53 5.31 10.00
1.58 5.39 10.00
1.63 5.47 10.00
1.69 5.56 10.00
1.74 5.64 10.00
1.80 5.72 10.00
1.85 5.80 10.00
1.91 5.88 10.00
1.97 5.96 10.00
2.03 6.04 10.00
2.09 6.11 10.00
2.15 6.19 10.00
2.21 6.27 10.00
2.27 6.34 10.00
2.33 6.42 10.00
2.40 6.49 10.00
2.46 6.57 10.00
2.52 6.64 10.00
2.59 6.72 10.00
2.66 6.79 10.00
2.72 6.86 10.00
2.79 6.93 10.00
2.86 7.00 10.00
2.93 7.07 10.00
3.00 7.14 10.00
3.07 7.21 10.00
3.14 7.28 10.00
3.21 7.34 10.00
3.28 7.41 10.00
3.36 7.48 10.00
3.43 7.54 10.00
3.51 7.60 10.00
3.58 7.67 10.00
3.66 7.73 10.00
3.73 7.79 10.00
3.81 7.85 10.00
3.89 7.91 10.00
3.96 7.97 10.00
4.04 8.03 10.00
4.12 8.09 10.00
4.20 8.15 10.00
4.28 8.20 10.00
4.36 8.26 10.00
4.44 8.31 10.00
4.53 8.37 10.00
4.61 8.42 10.00
4.69 8.47 10.00
4.78 8.53 10.00
4.86 8.58 10.00
4.94 8.63 10.00
5.03 8.68 10.00
5.11 8.72 10.00
5.20 8.77 10.00
5.29 8.82 10.00
5.37 8.87 10.00
5.46 8.91 10.00
5.55 8.95 10.00
5.64 9.00 10.00
5.72 9.04 10.00
5.81 9.08 10.00
5.90 9.12 10.00
5.99 9.16 10.00
6.08 9.20 10.00
6.17 9.24 10.00
6.26 9.28 10.00
6.36 9.31 10.00
6.45 9.35 10.00
6.54 9.38 10.00
6.63 9.42 10.00
6.72 9.45 10.00
6.82 9.48 10.00
6.91 9.51 10.00
7.00 9.54 10.00
7.10 9.57 10.00
7.19 9.60 10.00
7.29 9.62 10.00
7.38 9.65 10.00
7.48 9.68 10.00
7.57 9.70 10.00
7.67 9.72 10.00
7.76 9.75 10.00
7.86 9.77 10.00
7.95 9.79 10.00
8.05 9.81 10.00
8.15 9.83 10.00
8.24 9.84 10.00
8.34 9.86 10.00
8.44 9.88 10.00
8.53 9.89 10.00
8.63 9.91 10.00
8.73 9.92 10.00
8.82 9.93 10.00
8.92 9.94 10.00
9.02 9.95 10.00
9.12 9.96 10.00
9.22 9.97 10.00
9.31 9.98 10.00
9.41 9.98 10.00
9.51 9.99 10.00
9.61 9.99 10.00
9.71 10.00 10.00
9.80 10.00 10.00
9.90 10.00 10.00
10.00 10.00 10.00
10.10 10.00 10.00
10.20 10.00 10.00
10.29 10.00 10.00
10.39 9.99 10.00
10.49 9.99 10.00
10.59 9.98 10.00
10.69 9.98 10.00
10.78 9.97 10.00
10.88 9.96 10.00
10.98 9.95 10.00
11.08 9.94 10.00
11.18 9.93 10.00
11.27 9.92 10.00
11.37 9.91 10.00
11.47 9.89 10.00
11.56 9.88 10.00
11.66 9.86 10.00
11.76 9.84 10.00
11.85 9.83 10.00
11.95 9.81 10.00
12.05 9.79 10.00
12.14 9.77 10.00
12.24 9.75 10.00
12.33 9.72 10.00
12.43 9.70 10.00
12.52 9.68 10.00
12.62 9.65 10.00
12.71 9.62 10.00
12.81 9.60 10.00
12.90 9.57 10.00
13.00 9.54 10.00
13.09 9.51 10.00
13.18 9.48 10.00
13.28 9.45 10.00
13.37 9.42 10.00
13.46 9.38 10.00
13.55 9.35 10.00
13.64 9.31 10.00
13.74 9.28 10.00
13.83 9.24 10.00
13.92 9.20 10.00
14.01 9.16 10.00
14.10 9.12 10.00
14.19 9.08 10.00
14.28 9.04 10.00
14.36 9.00 10.00
14.45 8.95 10.00
14.54 8.91 10.00
14.63 8.87 10.00
14.71 8.82 10.00
14.80 8.77 10.00
14.89 8.72 10.00
14.97 8.68 10.00
15.06 8.63 10.00
15.14 8.58 10.00
15.22 8.53 10.00
15.31 8.47 10.00
15.39 8.42 10.00
15.47 8.37 10.00
15.56 8.31 10.00
15.64 8.26 10.00
15.72 8.20 10.00
15.80 8.15 10.00
15.88 8.09 10.00
15.96 8.03 10.00
16.04 7.97 10.00
16.11 7.91 10.00
16.19 7.85 10.00
16.27 7.79 10.00
16.34 7.73 10.00
16.42 7.67 10.00
16.49 7.60 10.00
16.57 7.54 10.00
16.64 7.48 10.00
16.72 7.41 10.00
16.79 7.34 10.00
16.86 7.28 10.00
16.93 7.21 10.00
17.00 7.14 10.00
17.07 7.07 10.00
17.14 7.00 10.00
17.21 6.93 10.00
17.28 6.86 10.00
17.34 6.79 10.00
17.41 6.72 10.00
17.48 6.64 10.00
17.54 6.57 10.00
17.60 6.49 10.00
17.67 6.42 10.00
17.73 6.34 10.00
17.79 6.27 10.00
17.85 6.19 10.00
17.91 6.11 10.00
17.97 6.04 10.00
18.03 5.96 10.00
18.09 5.88 10.00
18.15 5.80 10.00
18.20 5.72 10.00
18.26 5.64 10.00
18.31 5.56 10.00
18.37 5.47 10.00
18.42 5.39 10.00
18.47 5.31 10.00
18.53 5.22 10.00
18.58 5.14 10.00
18.63 5.06 10.00
18.68 4.97 10.00
18.72 4.89 10.00
18.77 4.80 10.00
18.82 4.71 10.00
18.87 4.63 10.00
18.91 4.54 10.00
18.95 4.45 10.00
19.00 4.36 10.00
19.04 4.28 10.00
19.08 4.19 10.00
19.12 4.10 10.00
19.16 4.01 10.00
19.20 3.92 10.00
19.24 3.83 10.00
19.28 3.74 10.00
19.31 3.64 10.00
19.35 3.55 10.00
19.38 3.46 10.00
19.42 3.37 10.00
19.45 3.28 10.00
19.48 3.18 10.00
19.51 3.09 10.00
19.54 3.00 10.00
19.57 2.90 10.00
19.60 2.81 10.00
19.62 2.71 10.00
19.65 2.62 10.00
19.68 2.52 10.00
19.70 2.43 10.00
19.72 2.33 10.00
19.75 2.24 10.00
19.77 2.14 10.00
19.79 2.05 10.00
19.81 1.95 10.00
19.83 1.85 10.00
19.84 1.76 10.00
19.86 1.66 10.00
19.88 1.56 10.00
19.89 1.47 10.00
19.91 1.37 10.00
19.92 1.27 10.00
19.93 1.18 10.00
19.94 1.08 10.00
19.95 0.98 10.00
19.96 0.88 10.00
19.97 0.78 10.00
19.98 0.69 10.00
19.98 0.59 10.00
19.99 0.49 10.00
19.99 0.39 10.00
20.00 0.29 10.00
20.00 0.20 10.00
20.00 0.10 10.00
20.00 0.00 10.00
20.00 -0.10 10.00
20.00 -0.20 10.00
20.00 -0.29 10.00
19.99 -0.39 10.00
19.99 -0.49 10.00
19.98 -0.59 10.00
19.98 -0.69 10.00
19.97 -0.78 10.00
19.96 -0.88 10.00
19.95 -0.98 10.00
19.94 -1.08 10.00
19.93 -1.18 10.00
19.92 -1.27 10.00
19.91 -1.37 10.00
19.89 -1.47 10.00
19.88 -1.56 10.00
19.86 -1.66 10.00
19.84 -1.76 10.00
19.83 -1.85 10.00
19.81 -1.95 10.00
19.79 -2.05 10.00
19.77 -2.14 10.00
19.75 -2.24 10.00
19.72 -2.33 10.00
19.70 -2.43 10.00
19.68 -2.52 10.00
19.65 -2.62 10.00
19.62 -2.71 10.00
19.60 -2.81 10.00
19.57 -2.90 10.00
19.54 -3.00 10.00
19.51 -3.09 10.00
19.48 -3.18 10.00
19.45 -3.28 10.00
19.42 -3.37 10.00
19.38 -3.46 10.00
19.35 -3.55 10.00
19.31 -3.64 10.00
19.28 -3.74 10.00
19.24 -3.83 10.00
19.20 -3.92 10.00
19.16 -4.01 10.00
19.12 -4.10 10.00
19.08 -4.19 10.00
19.04 -4.28 10.00
19.00 -4.36 10.00
18.95 -4.45 10.00
18.91 -4.54 10.00
18.87 -4.63 10.00
18.82 -4.71 10.00
18.77 -4.80 10.00
18.72 -4.89 10.00
18.68 -4.97 10.00
18.63 -5.06 10.00
18.58 -5.14 10.00
18.53 -5.22 10.00
18.47 -5.31 10.00
18.42 -5.39 10.00
18.37 -5.47 10.00
18.31 -5.56 10.00
18.26 -5.64 10.00
18.20 -5.72 10.00
18.15 -5.80 10.00
18.09 -5.88 10.00
18.03 -5.96 10.00
17.97 -6.04 10.00
17.91 -6.11 10.00
17.85 -6.19 10.00
17.79 -6.27 10.00
17.73 -6.34 10.00
17.67 -6.42 10.00
17.60 -6.49 10.00
17.54 -6.57 10.00
17.48 -6.64 10.00
17.41 -6.72 10.00
17.34 -6.79 10.00
17.28 -6.86 10.00
17.21 -6.93 10.00
17.14 -7.00 10.00
17.07 -7.07 10.00
17.00 -7.14 10.00
16.93 -7.21 10.00
16.86 -7.28 10.00
16.79 -7.34 10.00
16.72 -7.41 10.00
16.64 -7.48 10.00
16.57 -7.54 10.00
16.49 -7.60 10.00
16.42 -7.67 10.00
16.34 -7.73 10.00
16.27 -7.79 10.00
16.19 -7.85 10.00
16.11 -7.91 10.00
16.04 -7.97 10.00
15.96 -8.03 10.00
15.88 -8.09 10.00
15.80 -8.15 10.00
15.72 -8.20 10.00
15.64 -8.26 10.00
15.56 -8.31 10.00
15.47 -8.37 10.00
15.39 -8.42 10.00
15.31 -8.47 10.00
15.22 -8.53 10.00
15.14 -8.58 10.00
15.06 -8.63 10.00
14.97 -8.68 10.00
14.89 -8.72 10.00
14.80 -8.77 10.00
14.71 -8.82 10.00
14.63 -8.87 10.00
14.54 -8.91 10.00
14.45 -8.95 10.00
14.36 -9.00 10.00
14.28 -9.04 10.00
14.19 -9.08 10.00
14.10 -9.12 10.00
14.01 -9.16 10.00
13.92 -9.20 10.00
13.83 -9.24 10.00
13.74 -9.28 10.00
13.64 -9.31 10.00
13.55 -9.35 10.00
13.46 -9.38 10.00
13.37 -9.42 10.00
13.28 -9.45 10.00
13.18 -9.48 10.00
13.09 -9.51 10.00
13.00 -9.54 10.00
12.90 -9.57 10.00
12.81 -9.60 10.00
12.71 -9.62 10.00
12.62 -9.65 10.00
12.52 -9.68 10.00
12.43 -9.70 10.00
12.33 -9.72 10.00
12.24 -9.75 10.00
12.14 -9.77 10.00
12.05 -9.79 10.00
11.95 -9.81 10.00
11.85 -9.83 10.00
11.76 -9.84 10.00
11.66 -9.86 10.00
11.56 -9.88 10.00
11.47 -9.89 10.00
11.37 -9.91 10.00
11.27 -9.92 10.00
11.18 -9.93 10.00
11.08 -9.94 10.00
10.98 -9.95 10.00
10.88 -9.96 10.00
10.78 -9.97 10.00
10.69 -9.98 10.00
10.59 -9.98 10.00
10.49 -9.99 10.00
10.39 -9.99 10.00
10.29 -10.00 10.00
10.20 -10.00 10.00
10.10 -10.00 10.00
10.00 -10.00 10.00
9.90 -10.00 10.00
9.80 -10.00 10.00
9.71 -10.00 10.00
9.61 -9.99 10.00
9.51 -9.99 10.00
9.41 -9.98 10.00
9.31 -9.98 10.00
9.22 -9.97 10.00
9.12 -9.96 10.00
9.02 -9.95 10.00
8.92 -9.94 10.00
8.82 -9.93 10.00
8.73 -9.92 10.00
8.63 -9.91 10.00
8.53 -9.89 10.00
8.44 -9.88 10.00
8.34 -9.86 10.00
8.24 -9.84 10.00
8.15 -9.83 10.00
8.05 -9.81 10.00
7.95 -9.79 10.00
7.86 -9.77 10.00
7.76 -9.75 10.00
7.67 -9.72 10.00
7.57 -9.70 10.00
7.48 -9.68 10.00
7.38 -9.65 10.00
7.29 -9.62 10.00
7.19 -9.60 10.00
7.10 -9.57 10.00
7.00 -9.54 10.00
6.91 -9.51 10.00
6.82 -9.48 10.00
6.72 -9.45 10.00
6.63 -9.42 10.00
6.54 -9.38 10.00
6.45 -9.35 10.00
6.36 -9.31 10.00
6.26 -9.28 10.00
6.17 -9.24 10.00
6.08 -9.20 10.00
5.99 -9.16 10.00
5.90 -9.12 10.00
5.81 -9.08 10.00
5.72 -9.04 10.00
5.64 -9.00 10.00
5.55 -8.95 10.00
5.46 -8.91 10.00
5.37 -8.87 10.00
5.29 -8.82 10.00
5.20 -8.77 10.00
5.11 -8.72 10.00
5.03 -8.68 10.00
4.94 -8.63 10.00
4.86 -8.58 10.00
4.78 -8.53 10.00
4.69 -8.47 10.00
4.61 -8.42 10.00
4.53 -8.37 10.00
4.44 -8.31 10.00
4.36 -8.26 10.00
4.28 -8.20 10.00
4.20 -8.15 10.00
4.12 -8.09 10.00
4.04 -8.03 10.00
3.96 -7.97 10.00
3.89 -7.91 10.00
3.81 -7.85 10.00
3.73 -7.79 10.00
3.66 -7.73 10.00
3.58 -7.67 10.00
3.51 -7.60 10.00
3.43 -7.54 10.00
3.36 -7.48 10.00
3.28 -7.41 10.00
3.21 -7.34 10.00
3.14 -7.28 10.00
3.07 -7.21 10.00
3.00 -7.14 10.00
2.93 -7.07 10.00
2.86 -7.00 10.00
2.79 -6.93 10.00
2.72 -6.86 10.00
2.66 -6.79 10.00
2.59 -6.72 10.00
2.52 -6.64 10.00
2.46 -6.57 10.00
2.40 -6.49 10.00
2.33 -6.42 10.00
2.27 -6.34 10.00
2.21 -6.27 10.00
2.15 -6.19 10.00
2.09 -6.11 10.00
2.03 -6.04 10.00
1.97 -5.96 10.00
1.91 -5.88 10.00
1.85 -5.80 10.00
1.80 -5.72 10.00
1.74 -5.64 10.00
1.69 -5.56 10.00
1.63 -5.47 10.00
1.58 -5.39 10.00
1.53 -5.31 10.00
1.47 -5.22 10.00
1.42 -5.14 10.00
1.37 -5.06 10.00
1.32 -4.97 10.00
1.28 -4.89 10.00
1.23 -4.80 10.00
1.18 -4.71 10.00
1.13 -4.63 10.00
1.09 -4.54 10.00
1.05 -4.45 10.00
1.00 -4.36 10.00
0.96 -4.28 10.00
0.92 -4.19 10.00
0.88 -4.10 10.00
0.84 -4.01 10.00
0.80 -3.92 10.00
0.76 -3.83 10.00
0.72 -3.74 10.00
0.69 -3.64 10.00
0.65 -3.55 10.00
0.62 -3.46 10.00
0.58 -3.37 10.00
0.55 -3.28 10.00
0.52 -3.18 10.00
0.49 -3.09 10.00
0.46 -3.00 10.00
0.43 -2.90 10.00
0.40 -2.81 10.00
0.38 -2.71 10.00
0.35 -2.62 10.00
0.32 -2.52 10.00
0.30 -2.43 10.00
0.28 -2.33 10.00
0.25 -2.24 10.00
0.23 -2.14 10.00
0.21 -2.05 10.00
0.19 -1.95 10.00
0.17 -1.85 10.00
0.16 -1.76 10.00
0.14 -1.66 10.00
0.12 -1.56 10.00
0.11 -1.47 10.00
0.09 -1.37 10.00
0.08 -1.27 10.00
0.07 -1.18 10.00
0.06 -1.08 10.00
0.05 -0.98 10.00
0.04 -0.88 10.00
0.03 -0.78 10.00
0.02 -0.69 10.00
0.02 -0.59 10.00
0.01 -0.49 10.00
0.01 -0.39 10.00
0.00 -0.29 10.00
0.00 -0.20 10.00
0.00 -0.10 10.00
0.00 -0.00 10.00
