6.39 -11.09 1.5 0.291456794477869
6.59 -11.03 1.5 0.348771003583906
7.14 -10.83 1.5 0.384604714822213
7.98 -10.49 1.5 0.403794091885133
9.08 -10.02 1.5 0.400240657033973
10.38 -9.47 1.5 0.364845007101433
11.82 -8.92 1.5 0.3573086830081
13.32 -8.36 1.5 0.355136965333342
14.83 -7.8 1.5 0.364845007101433
16.27 -7.25 1.5 0.400240657033974
17.57 -6.7 1.5 0.403794091885132
18.67 -6.23 1.5 0.388787761290041
19.5 -5.89 1.5 0.343023940420703
20.06 -5.69 1.5 0.291456794477865
20.26 -5.63 1.5 -1.5707963267949
20.26 -6.75 1.5 -1.49372918900284
20.46 -9.34 1.5 -1.25638060418322
21.26 -11.8 1.5 -0.656295686175515
22.87 -13.04 1.5 0.009389395426402
25 -13.02 1.5 0.415492095940891
27.04 -12.12 1.5 0.687032441765078
28.71 -10.75 1.5 0.705568177685212
30.33 -9.37 1.5 0.395109489634881
32.56 -8.44 1.5 0.016720849542805
35.55 -8.39 1.5 -0.432888082930336
38.19 -9.61 1.5 -1.07086102366419
39.49 -11.99 1.5 -1.49032531552944
39.69 -14.47 1.5 -1.63612379641825
39.62 -15.54 1.5 0.336674819386716
39.82 -15.47 1.5 0.343023940420704
40.38 -15.27 1.5 0.366394410749241
41.24 -14.94 1.5 0.350919997410429
42.36 -14.53 1.5 0.292146449540941
43.69 -14.13 1.5 0.273770704463229
45.15 -13.72 1.5 0.263466541034917
46.67 -13.31 1.5 0.261822399275434
48.2 -12.9 1.5 0.267410797183875
49.66 -12.5 1.5 0.301158499783603
50.98 -12.09 1.5 0.340218111644683
52.11 -11.69 1.5 0.380506377112364
52.96 -11.35 1.5 0.343023940420701
53.52 -11.15 1.5 0.336674819386735
53.72 -11.08 1.5 0.337
