Waypoints Buzzer
3
-22.00208833822264;-47.93304254164829;0.000000000000000
-22.00187386210242;-47.93322466752863;0.000000000000000
-22.00204908512341;-47.93333564556304;0.000000000000000
Waypoints Camera Photo
2
-22.00187500000000;-47.93322500000000;0.000000000000000
-22.00205000000000;-47.93333611111111;0.000000000000000
Waypoints Camera Video
2
-22.00198573549072;-47.93311883246706;0.000000000000000
-22.00195419690595;-47.93327520284689;0.000000000000000
Waypoints Spraying
2
-22.00203126742970;-47.93308617391758;0.000000000000000
-22.00207005224782;-47.93320876264645;0.000000000000000
