-22.005640526891543	-47.93247463788215	100.0
-22.005638007386626	-47.932466596187865	100.0
-22.005630358889555	-47.93244227732922	100.0
-22.005616771559463	-47.93240177819412	100.0
-22.005596615520126	-47.932345195670436	100.0
-22.00556926089531	-47.932272335982404	100.0
-22.00553380786183	-47.93218407112097	100.0
-22.00548971652578	-47.9320829201711	100.0
-22.00543644699324	-47.93197246798445	100.0
-22.005373369387993	-47.931856008749065	100.0
-22.00529967386916	-47.931737030428714	100.0
-22.00521473056052	-47.93161882721143	100.0
-22.005117729621205	-47.931504887060996	100.0
-22.005008131157304	-47.93139860105332	100.0
-22.004885215310267	-47.93130306960066	100.0
-22.004750961691105	-47.931220230460674	100.0
-22.004612658867607	-47.93114804898783	100.0
-22.004480384859452	-47.931082649666784	100.0
-22.004361068305155	-47.93102054453377	100.0
-22.00425677879804	-47.930958245624986	100.0
-22.004167516338114	-47.93089187742512	100.0
-22.004167516338114	-47.93089187742512	100.0
-22.004131163481453	-47.93086271417233	100.0
-22.00409355087233	-47.930835876228734	100.0
-22.004054768493067	-47.93081097604279	100.0
-22.004015086290618	-47.930787916726636	100.0
-22.00397441428267	-47.93076650450449	100.0
-22.00393302241617	-47.930746545600584	100.0
-22.003891000673445	-47.930727846239165	100.0
-22.003848349054486	-47.930710212644456	100.0
-22.00380524752394	-47.93069345104069	100.0
-22.003761696081796	-47.93067736765211	100.0
-22.003717784710382	-47.93066186559083	100.0
-22.003673783356646	-47.93064655730531	100.0
-22.003629692020596	-47.93063134590768	100.0
-22.00358569066686	-47.93061613451004	100.0
-22.003541779295443	-47.93060063244876	100.0
-22.003498137870984	-47.93058483972382	100.0
-22.003454766393478	-47.93056836878371	100.0
-22.00341175484525	-47.93055121962841	100.0
-22.003369283190928	-47.93053310159429	100.0
-22.00332744141284	-47.930513627129805	100.0
-22.00332744141284	-47.930513627129805	100.0
-22.00319822680351	-47.93045065000584	100.0
-22.003069192158815	-47.93038709155458	100.0
-22.002940247496444	-47.93032333932755	100.0
-22.00281130283407	-47.93025958710052	100.0
-22.00268226818938	-47.930195834873494	100.0
-22.002553323527003	-47.930132082646466	100.0
-22.00242428888231	-47.93006833041944	100.0
-22.002295344219938	-47.93000457819241	100.0
-22.002166309575244	-47.92994082596538	100.0
-22.00203736491287	-47.92987707373835	100.0
-22.00190833026818	-47.929813321511325	100.0
-22.001779385605804	-47.9297495692843	100.0
-22.00165035096111	-47.92968581705727	100.0
-22.00152140629874	-47.92962206483024	100.0
-22.001392371654045	-47.92955831260321	100.0
-22.00126342699167	-47.929494560376185	100.0
-22.00113439234698	-47.92943090503704	100.0
-22.001005447684605	-47.92936715281001	100.0
-22.000876413039915	-47.92930340058298	100.0
-22.000747288412903	-47.9292399390196	100.0
-22.000747288412903	-47.9292399390196	100.0
-22.000584780345736	-47.92915177104606	100.0
-22.0004194828267	-47.92904606636568	100.0
-22.00025157582043	-47.92892573161497	100.0
-22.000081779185464	-47.928793576542525	100.0
-21.999910632815727	-47.928652992224265	100.0
-21.99973876658744	-47.92850736973608	100.0
-21.999566900359156	-47.92836039081754	100.0
-21.99939512411319	-47.92821486521724	100.0
-21.999223977743448	-47.92807369957168	100.0
-21.999054181108487	-47.92793980051734	100.0
-21.998885734208304	-47.92781626846649	100.0
-21.998719356901443	-47.92770581627985	100.0
-21.99855567906414	-47.92761154436967	100.0
-21.998394700696387	-47.92753655314821	100.0
-21.99823714165674	-47.92748471813079	100.0
-21.998083631821423	-47.92745923661756	100.0
-21.997934261172755	-47.92746311213288	100.0
-21.997789659586967	-47.92749915442536	100.0
-21.99765045694029	-47.9275702701315	100.0
-21.99751701316199	-47.927679559663545	100.0
-21.99751701316199	-47.927679559663545	100.0
-21.997384109277604	-47.92783225496719	100.0
-21.997277930141802	-47.927998999013866	100.0
-21.99719667610822	-47.928178726036876	100.0
-21.997138817477442	-47.92837056404525	100.0
-21.997102554603096	-47.92857257528136	100.0
-21.997086087838817	-47.92878330642693	100.0
-21.997087797502868	-47.92900188549102	100.0
-21.99710579396656	-47.9292268591554	100.0
-21.997138637512805	-47.92945658032604	100.0
-21.99718434853059	-47.92968998323624	100.0
-21.99724211717905	-47.92992619589504	100.0
-21.997310323776453	-47.9301632805448	100.0
-21.997386268853248	-47.93039997764302	100.0
-21.997468332727696	-47.93063531831088	100.0
-21.997555615576616	-47.93086784923013	100.0
-21.997647127594504	-47.931095729530995	100.0
-21.997741339081948	-47.93131808722253	100.0
-21.997836360410254	-47.9315339534259	100.0
-21.997930571897697	-47.93174139038345	100.0
-21.998022173897905	-47.93193865411328	100.0
-21.998022173897905	-47.93193865411328	100.0
-21.998087771008073	-47.93206567412792	100.0
-21.998161736473858	-47.93218591199075	100.0
-21.998243440419035	-47.932299561477535	100.0
-21.998332432932006	-47.932407300803455	100.0
-21.99842826410118	-47.93250903308063	100.0
-21.998530124085693	-47.932605242748465	100.0
-21.99863756297395	-47.932696220470625	100.0
-21.99875013085436	-47.9327825475744	100.0
-21.9988671978507	-47.932864514723434	100.0
-21.998987774157452	-47.932942218805614	100.0
-21.999111679809992	-47.933016047372476	100.0
-21.999238284932087	-47.93308638797555	100.0
-21.999366869665188	-47.93315372505425	100.0
-21.9994969840977	-47.93321854304799	100.0
-21.99962808833572	-47.93328064818101	100.0
-21.999759642485326	-47.93334071866848	100.0
-21.999890746723345	-47.933398948286175	100.0
-22.000021041120494	-47.933455918361396	100.0
-22.000150165747506	-47.93351191955778	100.0
-22.00027731076351	-47.933567048763216	100.0
-22.00027731076351	-47.933567048763216	100.0
-22.00047428205865	-47.933655798064066	100.0
-22.000671163371475	-47.933749779310595	100.0
-22.000868134666614	-47.93384695785727	100.0
-22.001066095767257	-47.93394510528277	100.0
-22.001266036478906	-47.934042574493084	100.0
-22.001467866819247	-47.93413829972151	100.0
-22.00167167677059	-47.93423092453768	100.0
-22.001877466332942	-47.93431918939911	100.0
-22.0020852355063	-47.934402319202746	100.0
-22.002294444396753	-47.9344790544061	100.0
-22.002504193181117	-47.93454842613034	100.0
-22.00271385198316	-47.93460936860876	100.0
-22.002923600767524	-47.93466188184136	100.0
-22.00313325956957	-47.93470490006142	100.0
-22.003343008353934	-47.934737357502236	100.0
-22.003552757138298	-47.93475818839708	100.0
-22.003762415940344	-47.93476642386714	100.0
-22.003972164724708	-47.93476099814569	100.0
-22.004181823526753	-47.934740748578136	100.0
-22.004391032417207	-47.93470567516449	100.0
-22.004391032417207	-47.93470567516449	100.0
-22.004573516559073	-47.934665272917265	100.0
-22.0047889342295	-47.93461062815124	100.0
-22.00502414800999	-47.934541740866415	100.0
-22.005263500977133	-47.93445832039913	100.0
-22.0054907963136	-47.934359688534215	100.0
-22.005689927184385	-47.93424555460802	100.0
-22.005851895357637	-47.934115918620535	100.0
-22.005975441080903	-47.93397145878695	100.0
-22.006060654336498	-47.9338147910801	100.0
-22.006107535124425	-47.93364959723955	100.0
-22.0061171632325	-47.93348062477156	100.0
-22.006094937599837	-47.93331233051875	100.0
-22.006047876847276	-47.93314849310857	100.0
-22.005983449507248	-47.93299298805632	100.0
-22.00590939405914	-47.932849981540976	100.0
-22.00583299907076	-47.93272383351729	100.0
-22.00576092323366	-47.932619000827856	100.0
-22.00570036513333	-47.93253935898801	100.0
-22.00565897326683	-47.93248878351307	100.0
-22.00564403620196	-47.93247124680625	100.0
