Waypoints Mission
6
-22.00593333333333;-47.89870833333333;0.000000000000000
-22.00593333333333;-47.89858518990184;0.000000000000000
-22.00593333333333;-47.89845161743151;0.000000000000000
-22.00595501345324;-47.89854289282146;0.000000000000000
-22.00590846206618;-47.89862415238950;0.000000000000000
-22.00593333333333;-47.89870833333333;0.000000000000000
Waypoints Buzzer
6
-22.00593333333333;-47.89870833333333;0.000000000000000
-22.00593333333333;-47.89858518990184;0.000000000000000
-22.00593333333333;-47.89845161743151;0.000000000000000
-22.00595501345324;-47.89854289282146;0.000000000000000
-22.00590846206618;-47.89862415238950;0.000000000000000
-22.00593333333333;-47.89870833333333;0.000000000000000
Waypoints Camera Picture
0
Waypoints Camera Video
0
Waypoints Camera Photo In Sequence
0
Waypoints Spraying
0
