47.48 -13.40  0.00  0.00 
46.95 -13.40 -0.26  0.00 
45.56 -13.23 -0.42  0.08 
43.82 -12.88 -0.42  0.08 
42.08 -12.54 -0.42  0.08 
40.35 -11.66 -0.42  0.34 
38.61 -9.74 -0.42  0.60 
36.87 -7.30 -0.42  0.60 
35.14 -4.85 -0.42  0.60 
33.40 -2.21 -0.42  0.69 
31.66  0.63 -0.42  0.69 
30.20  3.47 -0.29  0.69 
29.53  6.31 -0.03  0.69 
29.73  9.15  0.13  0.69 
30.26 11.99  0.13  0.69 
30.79 14.83  0.13  0.69 
31.32 17.67  0.13  0.69 
31.85 20.51  0.13  0.69 
32.39 22.98  0.13  0.51 
32.92 24.56  0.13  0.26 
33.18 25.08  0.00  0.00 
