42.50  6.63  0.00  0.00 
42.37  6.63 -0.13  0.00 
41.99  6.63 -0.25  0.00 
41.35  6.63 -0.38  0.00 
40.52  6.65 -0.44  0.02 
39.56  6.76 -0.50  0.08 
38.47  6.99 -0.57  0.15 
37.32  7.36 -0.57  0.21 
36.16  7.85 -0.57  0.27 
34.99  8.47 -0.57  0.34 
33.83  9.22 -0.57  0.40 
32.67 10.07 -0.57  0.45 
31.57 10.98 -0.51  0.45 
30.60 11.94 -0.45  0.51 
29.76 12.98 -0.38  0.51 
29.05 14.01 -0.32  0.51 
28.40 15.04 -0.32  0.51 
27.75 16.07 -0.32  0.51 
27.10 17.10 -0.32  0.51 
26.45 18.14 -0.32  0.51 
25.80 19.17 -0.32  0.51 
25.15 20.20 -0.32  0.51 
24.50 21.23 -0.32  0.51 
23.85 22.26 -0.32  0.51 
23.20 23.29 -0.32  0.51 
22.49 24.33 -0.38  0.51 
21.64 25.34 -0.45  0.49 
20.67 26.26 -0.51  0.43 
19.58 27.06 -0.57  0.36 
18.39 27.73 -0.60  0.30 
17.18 28.28 -0.60  0.24 
15.97 28.69 -0.60  0.17 
14.76 28.98 -0.60  0.11 
13.55 29.14 -0.60  0.05 
12.40 29.19 -0.53  0.00 
11.39 29.19 -0.47  0.00 
10.50 29.19 -0.41  0.00 
 9.73 29.19 -0.34  0.00 
 9.13 29.19 -0.25  0.00 
 8.75 29.19 -0.13 -0.00 
 8.62 29.19  0.00  0.00 
