20.26 -5.63  0.00  0.00 
20.26 -6.02  0.00 -0.38 
20.32 -7.07  0.06 -0.64 
20.58 -8.47  0.19 -0.73 
21.12 -9.90  0.33 -0.67 
21.99 -11.06  0.52 -0.47 
23.26 -11.77  0.72 -0.22 
24.79 -12.02  0.77 -0.03 
26.25 -11.94  0.65  0.10 
27.44 -11.60  0.52  0.23 
28.44 -11.06  0.45  0.29 
29.37 -10.46  0.45  0.29 
30.38 -9.92  0.53  0.23 
31.66 -9.55  0.72  0.13 
33.39 -9.42  0.98  0.00 
35.53 -9.61  1.10 -0.19 
37.53 -10.25  0.85 -0.44 
38.87 -11.36  0.47 -0.64 
39.55 -12.73  0.19 -0.70 
39.74 -14.10  0.00 -0.64 
39.68 -15.15 -0.06 -0.38 
39.62 -15.54  0.00  0.00 
