42.28 29.48  0.00  0.00 
42.29 29.35  0.01 -0.13 
42.30 28.96  0.01 -0.26 
42.31 28.30  0.01 -0.38 
42.32 27.42  0.01 -0.48 
42.33 26.36  0.01 -0.55 
42.34 25.17  0.01 -0.61 
42.35 23.86  0.01 -0.68 
42.36 22.41  0.01 -0.74 
42.37 20.89  0.01 -0.74 
42.38 19.38  0.01 -0.74 
42.39 17.87  0.01 -0.74 
42.40 16.35  0.01 -0.74 
42.41 14.84  0.01 -0.74 
42.42 13.36  0.01 -0.70 
42.43 11.99  0.01 -0.64 
42.44 10.75  0.01 -0.58 
42.45  9.64  0.01 -0.51 
42.46  8.66  0.01 -0.45 
42.47  7.81  0.01 -0.38 
42.48  7.15  0.01 -0.26 
42.49  6.76  0.01 -0.13 
42.50  6.63  0.00  0.00 
