-35.48 -39.25  0.00  0.00 
-35.27 -38.26  0.06  0.29 
-34.85 -36.28  0.06  0.29 
-32.94 -34.29  0.49  0.29 
-29.53 -32.31  0.49  0.29 
-26.12 -30.33  0.49  0.29 
-22.71 -28.35  0.49  0.29 
-19.30 -26.36  0.49  0.29 
-15.89 -24.38  0.49  0.29 
-12.48 -22.40  0.49  0.29 
-8.80 -20.42  0.57  0.29 
-4.85 -18.43  0.57  0.29 
-0.90 -16.45  0.57  0.29 
 3.04 -15.07  0.57  0.11 
 6.99 -14.27  0.57  0.11 
10.94 -13.48  0.57  0.11 
14.88 -12.69  0.57  0.11 
18.83 -11.90  0.57  0.11 
22.78 -11.55  0.57 -0.01 
26.72 -11.75  0.57 -0.04 
30.67 -12.05  0.57 -0.04 
34.62 -12.35  0.57 -0.04 
38.56 -12.65  0.57 -0.04 
42.51 -12.95  0.57 -0.04 
45.98 -13.25  0.43 -0.04 
47.48 -13.40  0.00  0.00 
