-35.50  5.62  0.00  0.00 
-35.74  5.08 -0.12 -0.26 
-36.23  3.48 -0.12 -0.52 
-36.82  0.93 -0.17 -0.71 
-37.50 -2.00 -0.17 -0.71 
-38.19 -4.94 -0.17 -0.71 
-39.41 -7.88 -0.42 -0.71 
-41.17 -10.82 -0.42 -0.71 
-42.93 -13.75 -0.42 -0.71 
-44.69 -16.69 -0.42 -0.71 
-46.45 -19.63 -0.42 -0.71 
-48.21 -22.57 -0.42 -0.71 
-49.97 -24.97 -0.42 -0.45 
-51.73 -26.30 -0.42 -0.19 
-53.49 -26.74 -0.42 -0.03 
-55.25 -26.85 -0.42 -0.03 
-57.01 -26.95 -0.42 -0.03 
-58.77 -27.06 -0.42 -0.03 
-60.53 -27.16 -0.42 -0.03 
-62.29 -27.26 -0.42 -0.03 
-63.70 -27.37 -0.26 -0.03 
-64.24 -27.42  0.00  0.00 
